xof 0303txt 0032
template VertexDuplicationIndices {
 <b8d65549-d7c9-4995-89cf-53a9a8b031e3>
 DWORD nIndices;
 DWORD nOriginalVertices;
 array DWORD indices[nIndices];
}

template EffectParamDWord {
 <e13963bc-ae51-4c5d-b00f-cfa3a9d97ce5>
 STRING ParamName;
 DWORD Value;
}

template FVFData {
 <b6e70a0e-8ef9-4e83-94ad-ecc8b0c04897>
 DWORD dwFVF;
 DWORD nDWords;
 array DWORD data[nDWords];
}

template EffectFloats {
 <f1cfe2b3-0de3-4e28-afa1-155a750a282d>
 DWORD nFloats;
 array FLOAT Floats[nFloats];
}

template EffectString {
 <d55b097e-bdb6-4c52-b03d-6051c89d0e42>
 STRING Value;
}

template EffectDWord {
 <622c0ed0-956e-4da9-908a-2af94f3ce716>
 DWORD Value;
}

template EffectInstance {
 <e331f7e4-0559-4cc2-8e99-1cec1657928f>
 STRING EffectFilename;
 [...]
}

template AnimTicksPerSecond {
 <9e415a43-7ba6-4a73-8743-b73d47e88476>
 DWORD AnimTicksPerSecond;
}

template VertexElement {
 <f752461c-1e23-48f6-b9f8-8350850f336f>
 DWORD Type;
 DWORD Method;
 DWORD Usage;
 DWORD UsageIndex;
}

template DeclData {
 <bf22e553-292c-4781-9fea-62bd554bdd93>
 DWORD nElements;
 array VertexElement Elements[nElements];
 DWORD nDWords;
 array DWORD data[nDWords];
}

template EffectParamFloats {
 <3014b9a0-62f5-478c-9b86-e4ac9f4e418b>
 STRING ParamName;
 DWORD nFloats;
 array FLOAT Floats[nFloats];
}

template EffectParamString {
 <1dbc4c88-94c1-46ee-9076-2c28818c9481>
 STRING ParamName;
 STRING Value;
}


AnimTicksPerSecond {
 4800;
}

Frame {
 

 FrameTransformMatrix {
  1.000000,0.000000,0.000000,0.000000,0.000000,1.000000,0.000000,0.000000,0.000000,0.000000,1.000000,0.000000,0.000000,0.000000,0.000000,1.000000;;
 }

 Frame Root {
  

  FrameTransformMatrix {
   -0.007082,0.995215,0.097451,0.000000,0.098853,-0.096280,0.990433,0.000000,0.995077,0.016647,-0.097698,0.000000,0.968179,34.166222,0.153216,1.000000;;
  }

  Frame bip_spine01 {
   

   FrameTransformMatrix {
    0.998021,-0.060650,0.016596,0.000000,0.062078,0.992371,-0.106522,0.000000,-0.010009,0.107341,0.994172,0.000000,16.101206,0.000005,-0.000004,1.000000;;
   }

   Frame bip_spine03 {
    

    FrameTransformMatrix {
     -0.028417,0.062374,0.997648,0.000000,-0.193872,-0.979443,0.055713,0.000000,0.980615,-0.191833,0.039925,0.000000,25.311848,0.000007,-0.000006,1.000000;;
    }

    Frame bip_neck01 {
     

     FrameTransformMatrix {
      0.000000,0.524742,0.851261,0.000000,-0.000000,0.851261,-0.524742,0.000000,-1.000000,-0.000000,0.000000,0.000000,0.000000,22.878254,13.744281,1.000000;;
     }

     Frame bip_neck02 {
      

      FrameTransformMatrix {
       0.970668,0.215801,0.105987,0.000000,-0.214026,0.976427,-0.027980,0.000000,-0.109527,0.004475,0.993974,0.000000,12.794749,-0.000002,-0.000000,1.000000;;
      }

      Frame bip_head {
       

       FrameTransformMatrix {
        -0.000000,-0.000000,1.000000,0.000000,0.896695,-0.442648,0.000000,0.000000,0.442648,0.896695,0.000001,0.000000,19.043512,0.000002,0.000000,1.000000;;
       }
      }
     }
    }

    Frame bip_armL01 {
     

     FrameTransformMatrix {
      0.741928,-0.313998,-0.592409,0.000000,-0.171700,0.765118,-0.620575,0.000000,0.648122,0.562138,0.513749,0.000000,33.589241,1.575920,11.546748,1.000000;;
     }

     Frame bip_armL02 {
      

      FrameTransformMatrix {
       -0.280384,0.624095,0.729308,0.000000,-0.957912,-0.133203,-0.254285,0.000000,-0.061551,-0.769911,0.635176,0.000000,16.280209,-0.915769,0.746732,1.000000;;
      }

      Frame bip_armL03 {
       

       FrameTransformMatrix {
        0.859413,0.507165,0.064754,0.000000,0.505564,-0.824067,-0.255576,0.000000,-0.076258,0.252383,-0.964618,0.000000,37.323296,-0.000001,-0.533373,1.000000;;
       }

       Frame bip_handL_base {
        

        FrameTransformMatrix {
         0.999072,0.000010,0.043070,0.000000,-0.000011,-1.000000,0.000488,0.000000,0.043070,-0.000488,-0.999072,0.000000,6.960491,0.000010,0.300067,1.000000;;
        }

        Frame bip_handL_pinky01 {
         

         FrameTransformMatrix {
          0.501170,-0.042779,-0.864290,0.000000,0.085048,0.996377,0.000000,0.000000,0.861159,-0.073506,0.502993,0.000000,8.440394,-7.569027,-0.331009,1.000000;;
         }

         Frame bip_handL_pinky02 {
          

          FrameTransformMatrix {
           0.891003,0.071522,-0.448329,0.000000,-0.084814,0.996351,-0.009611,0.000000,0.446005,0.046588,0.893817,0.000000,4.519516,0.000001,0.000005,1.000000;;
          }
         }
        }

        Frame bip_handL_ring01 {
         

         FrameTransformMatrix {
          0.668410,-0.013968,-0.743662,0.000000,0.020892,0.999782,-0.000000,0.000000,0.743499,-0.015537,0.668556,0.000000,9.411242,-3.426762,1.910380,1.000000;;
         }

         Frame bip_handL_ring02 {
          

          FrameTransformMatrix {
           0.906237,0.018494,-0.422365,0.000000,-0.021108,0.999776,-0.001512,0.000000,0.422242,0.010286,0.906425,0.000000,6.558507,0.000001,-0.000003,1.000000;;
          }
         }
        }

        Frame bip_handL_middle01 {
         

         FrameTransformMatrix {
          0.780336,-0.015477,-0.625168,0.000000,0.019830,0.999803,-0.000000,0.000000,0.625045,-0.012397,0.780490,0.000000,9.864318,1.362741,2.128433,1.000000;;
         }

         Frame bip_handL_middle02 {
          

          FrameTransformMatrix {
           0.928468,0.017836,-0.370983,0.000000,-0.019957,0.999799,-0.001880,0.000000,0.370875,0.009150,0.928638,0.000000,6.839258,0.000001,0.000005,1.000000;;
          }
         }
        }

        Frame bip_handL_index01 {
         

         FrameTransformMatrix {
          0.946795,0.083900,-0.310709,0.000000,-0.088269,0.996097,0.000000,0.000000,0.309496,0.027426,0.950505,0.000000,8.246246,5.763907,0.833771,1.000000;;
         }

         Frame bip_handL_index02 {
          

          FrameTransformMatrix {
           0.895168,-0.076386,-0.439136,0.000000,0.090246,0.995862,0.010738,0.000000,0.436498,-0.049243,0.898356,0.000000,6.485229,-0.000005,-0.000010,1.000000;;
          }
         }
        }

        Frame bip_handL_thumb01 {
         

         FrameTransformMatrix {
          0.602788,0.231554,-0.763564,0.000000,-0.358591,0.933495,-0.000000,0.000000,0.712783,0.273807,0.645732,0.000000,5.409485,8.660468,-2.116714,1.000000;;
         }

         Frame bip_handL_thumb02 {
          

          FrameTransformMatrix {
           0.781522,-0.358480,0.510602,0.000000,0.299910,0.933537,0.196372,0.000000,-0.547062,-0.000335,0.837092,0.000000,4.859264,-0.000001,0.000000,1.000000;;
          }
         }
        }
       }
      }
     }
    }

    Frame bip_armR01 {
     

     FrameTransformMatrix {
      0.845185,-0.493120,-0.206142,0.000000,-0.534270,-0.790138,-0.300393,0.000000,-0.014751,0.364023,-0.931272,0.000000,-33.589252,1.575921,11.546855,1.000000;;
     }

     Frame bip_armR02 {
      

      FrameTransformMatrix {
       0.591513,0.804060,0.059995,0.000000,-0.802617,0.594282,-0.051336,0.000000,-0.076931,-0.017787,0.996878,0.000000,-16.280291,0.010991,-1.181577,1.000000;;
      }

      Frame bip_armR03 {
       

       FrameTransformMatrix {
        0.971582,-0.175804,0.158499,0.000000,0.214362,0.369506,-0.904165,0.000000,0.100389,0.912446,0.396691,0.000000,-37.323071,0.000004,0.533376,1.000000;;
       }

       Frame bip_handR_base {
        

        FrameTransformMatrix {
         0.999072,-0.000000,-0.043070,0.000000,0.043070,0.000027,0.999072,0.000000,0.000001,-1.000000,0.000027,0.000000,-6.960467,-0.000002,0.300061,1.000000;;
        }

        Frame bip_handR_pinky01 {
         

         FrameTransformMatrix {
          0.359742,-0.933040,0.004696,0.000000,0.932579,0.359716,0.030033,0.000000,-0.029711,-0.006425,0.999538,0.000000,-8.440555,0.331099,-7.569057,1.000000;;
         }

         Frame bip_handR_pinky02 {
          

          FrameTransformMatrix {
           0.115162,-0.993347,-0.000000,0.000000,0.989748,0.114744,-0.085048,0.000000,0.084482,0.009794,0.996377,0.000000,-4.519557,-0.000008,0.000010,1.000000;;
          }
         }
        }

        Frame bip_handR_ring01 {
         

         FrameTransformMatrix {
          0.388179,-0.921412,-0.017811,0.000000,0.920930,0.388559,-0.030156,0.000000,0.034707,-0.004696,0.999386,0.000000,-9.411423,-1.910238,-3.426768,1.000000;;
         }

         Frame bip_handR_ring02 {
          

          FrameTransformMatrix {
           0.260316,-0.965516,-0.003723,0.000000,0.965299,0.260337,-0.020557,0.000000,0.020817,0.001757,0.999782,0.000000,-6.558553,-0.000066,0.000005,1.000000;;
          }
         }
        }

        Frame bip_handR_middle01 {
         

         FrameTransformMatrix {
          0.364655,-0.930955,-0.018689,0.000000,0.930461,0.365082,-0.030945,0.000000,0.035631,-0.006105,0.999346,0.000000,-9.864552,-2.128344,1.362727,1.000000;;
         }

         Frame bip_handR_middle02 {
          

          FrameTransformMatrix {
           0.360069,-0.932912,-0.005075,0.000000,0.932717,0.360099,-0.019169,0.000000,0.019710,0.002168,0.999803,0.000000,-6.839258,0.000000,0.000005,1.000000;;
          }
         }
        }

        Frame bip_handR_index01 {
         

         FrameTransformMatrix {
          0.344013,-0.937263,-0.056503,0.000000,0.927975,0.348551,-0.131815,0.000000,0.143240,-0.007087,0.989663,0.000000,-8.246455,-0.833473,5.763890,1.000000;;
         }

         Frame bip_handR_index02 {
          

          FrameTransformMatrix {
           0.377668,-0.925661,0.022775,0.000000,0.921792,0.378188,0.085281,0.000000,-0.087554,-0.011214,0.996097,0.000000,-6.485098,-0.000178,0.000005,1.000000;;
          }
         }
        }

        Frame bip_handR_thumb01 {
         

         FrameTransformMatrix {
          0.931554,-0.064511,-0.357835,0.000000,-0.358582,-0.000001,-0.933498,0.000000,0.060220,0.997917,-0.023133,0.000000,-5.409838,2.116920,8.660472,1.000000;;
         }

         Frame bip_handR_thumb02 {
          

          FrameTransformMatrix {
           0.949003,-0.313042,0.037381,0.000000,0.315121,0.945471,-0.082358,0.000000,-0.009561,0.089938,0.995902,0.000000,-4.858930,-0.000071,-0.000120,1.000000;;
          }
         }
        }
       }
      }
     }
    }
   }
  }

  Frame bip_legL01 {
   

   FrameTransformMatrix {
    0.877094,0.460030,-0.138126,0.000000,-0.455148,0.887893,0.066970,0.000000,0.153449,0.004129,0.988148,0.000000,-6.260748,-0.764292,10.680265,1.000000;;
   }

   Frame bip_legL02 {
    

    FrameTransformMatrix {
     0.999016,0.044348,0.000042,0.000000,-0.044348,0.999016,-0.000011,0.000000,-0.000042,0.000009,1.000000,0.000000,-10.487366,-0.950280,0.000000,1.000000;;
    }

    Frame bip_legL03 {
     

     FrameTransformMatrix {
      0.839786,-0.517839,0.163101,0.000000,0.535227,0.840033,-0.088744,0.000000,-0.091055,0.161822,0.982610,0.000000,-13.486855,2.894654,0.000001,1.000000;;
     }

     Frame bip_footL {
      

      FrameTransformMatrix {
       1.000000,-0.000000,0.000000,0.000000,-0.000000,1.000000,0.000001,0.000000,-0.000000,-0.000001,1.000000,0.000000,-6.875895,-1.373798,0.000000,1.000000;;
      }
     }
    }
   }
  }

  Frame prp_apron01 {
   

   FrameTransformMatrix {
    0.023675,-0.017515,0.999566,0.000000,0.003457,-0.999839,-0.017601,0.000000,0.999714,0.003872,-0.023611,0.000000,2.633193,-14.195203,0.000000,1.000000;;
   }
  }

  Frame prp_bowL_base {
   

   FrameTransformMatrix {
    -0.596964,-0.005300,0.802250,0.000000,-0.067505,-0.996100,-0.056812,0.000000,0.799422,-0.088071,0.594279,0.000000,6.848589,15.715922,6.410356,1.000000;;
   }

   Frame prp_bowL_01 {
    

    FrameTransformMatrix {
     0.802250,-0.056812,0.594279,0.000000,0.045649,0.998385,0.033820,0.000000,-0.595240,-0.000004,0.803548,0.000000,11.190082,-0.000000,0.000003,1.000000;;
    }
   }
  }

  Frame prp_bowR_base {
   

   FrameTransformMatrix {
    0.596965,0.005304,0.802250,0.000000,0.067502,0.996100,-0.056814,0.000000,-0.799423,0.088069,0.594279,0.000000,6.848525,15.715919,-6.410354,1.000000;;
   }

   Frame prp_bowR_01 {
    

    FrameTransformMatrix {
     0.997404,-0.043669,-0.057255,0.000000,0.045653,0.998385,0.033819,0.000000,0.055685,-0.036345,0.997787,0.000000,-11.190042,-0.000005,-0.000065,1.000000;;
    }
   }
  }

  Frame bip_legR01 {
   

   FrameTransformMatrix {
    -0.993330,-0.067112,-0.093763,0.000000,0.057538,-0.993187,0.101331,0.000000,-0.099925,0.095261,0.990424,0.000000,-6.260751,-0.764291,-10.680276,1.000000;;
   }

   Frame bip_legR02 {
    

    FrameTransformMatrix {
     0.784325,-0.620349,-0.000003,0.000000,0.620350,0.784325,-0.000002,0.000000,0.000004,-0.000000,1.000000,0.000000,10.487364,0.950282,0.000014,1.000000;;
    }

    Frame bip_legR03 {
     

     FrameTransformMatrix {
      0.841560,0.537595,0.052606,0.000000,-0.412574,0.702585,-0.579790,0.000000,-0.348653,0.466225,0.813066,0.000000,13.486865,-2.894658,-0.000013,1.000000;;
     }

     Frame bip_footR {
      

      FrameTransformMatrix {
       1.000000,0.000003,0.000002,0.000000,-0.000003,1.000000,-0.000000,0.000000,-0.000002,0.000000,1.000000,0.000000,6.875889,1.373795,0.000001,1.000000;;
      }
     }
    }
   }
  }
 }

 Frame MafiaGreg {
  

  FrameTransformMatrix {
   1.000000,0.000000,0.000000,0.000000,0.000000,1.000000,0.000000,0.000000,0.000000,0.000000,1.000000,0.000000,0.000000,0.000000,0.000000,1.000000;;
  }

  Mesh MafiaGreg {
   4403;
   38.073452;92.490158;19.180668;,
   37.686550;82.132202;18.585634;,
   47.271454;90.095985;17.288935;,
   47.055115;82.705383;17.218168;,
   51.923767;83.158905;18.729200;,
   51.673012;90.215324;18.823027;,
   70.361763;84.248886;18.724621;,
   70.215622;91.822868;18.064861;,
   47.334221;76.606750;11.795671;,
   52.608517;77.230782;12.716805;,
   70.760818;77.307739;13.599039;,
   70.708496;77.732666;2.938714;,
   52.518745;78.625389;1.735022;,
   70.044418;82.614029;-9.918762;,
   51.379192;84.341972;-11.062447;,
   70.041115;88.673790;-10.862715;,
   51.373547;90.026756;-11.417723;,
   53.052670;95.674126;-8.318920;,
   71.019638;95.030014;-8.496315;,
   53.707104;100.023788;-3.598012;,
   71.401039;100.153130;-4.439322;,
   54.296173;100.685837;4.451612;,
   71.744324;101.647308;3.195762;,
   71.307938;98.677284;13.772903;,
   53.547367;96.948723;15.086544;,
   70.215622;91.822868;18.064861;,
   51.673012;90.215324;18.823027;,
   47.332024;78.020935;1.991822;,
   46.614052;83.723679;-9.457689;,
   46.989311;89.762932;-9.796738;,
   48.840652;95.463249;-7.004285;,
   49.622093;99.475426;-2.724587;,
   50.222118;100.242722;4.423575;,
   49.373535;96.785706;13.914949;,
   47.271454;90.095985;17.288935;,
   40.635075;100.635529;15.426807;,
   38.073452;92.490158;19.180668;,
   37.978905;75.597893;1.861070;,
   37.144054;82.941391;-11.221542;,
   37.729286;91.634064;-11.666025;,
   39.961769;99.462059;-8.416363;,
   40.792225;103.312790;-3.372128;,
   41.565311;104.649956;4.649724;,
   -38.069851;92.490158;19.180691;,
   -40.631481;100.635529;15.426832;,
   -47.267853;90.095985;17.288961;,
   -49.369938;96.785706;13.914978;,
   -51.669411;90.215324;18.823057;,
   -53.543774;96.948723;15.086576;,
   -70.212036;91.822868;18.064903;,
   -71.304352;98.677284;13.772945;,
   -54.292576;100.685837;4.451644;,
   -71.740738;101.647308;3.195805;,
   -71.397461;100.153130;-4.439279;,
   -53.703510;100.023788;-3.597980;,
   -71.016052;95.030014;-8.496273;,
   -53.049065;95.674126;-8.318888;,
   -70.037521;88.673790;-10.862673;,
   -51.369942;90.026756;-11.417692;,
   -51.375591;84.341972;-11.062416;,
   -70.040810;82.614029;-9.918720;,
   -52.515137;78.625389;1.735053;,
   -70.704903;77.732666;2.938756;,
   -41.561718;104.649956;4.649749;,
   -50.218517;100.242722;4.423605;,
   -49.618496;99.475426;-2.724557;,
   -48.837059;95.463249;-7.004256;,
   -46.985706;89.762932;-9.796709;,
   -46.610455;83.723679;-9.457661;,
   -47.328411;78.020935;1.991850;,
   -47.330608;76.606750;11.795700;,
   -52.604912;77.230782;12.716835;,
   -70.757225;77.307739;13.599081;,
   -70.358162;84.248886;18.724663;,
   -51.920158;83.158905;18.729231;,
   -51.669411;90.215324;18.823057;,
   -70.212036;91.822868;18.064903;,
   -40.788635;103.312790;-3.372104;,
   -39.958176;99.462059;-8.416340;,
   -37.725685;91.634064;-11.666002;,
   -37.140446;82.941391;-11.221519;,
   -37.975296;75.597893;1.861093;,
   -47.267853;90.095985;17.288961;,
   -47.051498;82.705383;17.218195;,
   -37.682938;82.132202;18.585657;,
   -38.069851;92.490158;19.180691;,
   32.970341;91.634064;-11.666023;,
   20.553944;99.191177;-16.649412;,
   32.236061;99.355736;-8.416361;,
   33.258793;107.638527;4.649725;,
   31.147964;106.161987;-3.372127;,
   22.239662;113.278198;1.255888;,
   22.187017;108.420052;17.566227;,
   33.232513;103.517738;15.426809;,
   28.934376;99.236931;22.148247;,
   34.572983;92.586807;18.761364;,
   31.045916;90.665550;21.762671;,
   35.477554;82.240654;17.994858;,
   32.470825;81.544991;20.483480;,
   35.454266;72.566833;12.257074;,
   31.003744;69.796997;15.793322;,
   31.214048;67.653717;12.889433;,
   29.246725;65.206108;15.455235;,
   25.906282;59.966957;10.000298;,
   23.914471;57.895248;13.120085;,
   27.714195;64.691681;18.910564;,
   20.066591;55.663795;16.480429;,
   21.987425;63.655758;22.822874;,
   22.900610;77.349487;26.742907;,
   29.232252;80.795685;23.163994;,
   20.192936;85.704605;29.044653;,
   21.280050;104.363602;23.440964;,
   20.303146;98.899559;27.532593;,
   24.304810;93.531212;26.136278;,
   27.246881;88.596138;24.995409;,
   34.572983;92.586807;18.761364;,
   35.477554;82.240654;17.994858;,
   38.073452;92.490158;19.180668;,
   37.686550;82.132202;18.585634;,
   37.972130;73.696358;12.614122;,
   47.334221;76.606750;11.795671;,
   37.978905;75.597893;1.861070;,
   35.444679;74.435539;1.838823;,
   37.144054;82.941391;-11.221542;,
   32.951443;82.941391;-11.221540;,
   32.970341;91.634064;-11.666023;,
   37.729286;91.634064;-11.666025;,
   32.236061;99.355736;-8.416361;,
   39.961769;99.462059;-8.416363;,
   40.792225;103.312790;-3.372128;,
   31.147964;106.161987;-3.372127;,
   33.258793;107.638527;4.649725;,
   41.565311;104.649956;4.649724;,
   33.232513;103.517738;15.426809;,
   40.635075;100.635529;15.426807;,
   34.572983;92.586807;18.761364;,
   38.073452;92.490158;19.180668;,
   35.454266;72.566833;12.257074;,
   32.951443;82.941391;-11.221540;,
   35.444679;74.435539;1.838823;,
   30.612461;73.230858;0.137529;,
   35.454266;72.566833;12.257074;,
   31.214048;67.653717;12.889433;,
   25.906282;59.966957;10.000298;,
   25.294067;66.357971;-3.560726;,
   24.909685;79.521286;-9.341974;,
   6.816568;28.824318;4.617527;,
   6.276324;29.393221;-0.059418;,
   8.619950;21.895367;1.220361;,
   7.853030;21.809956;-2.802062;,
   7.579986;30.123667;-3.942450;,
   10.631884;28.846678;3.552017;,
   6.816568;28.824318;4.617527;,
   8.619950;21.895367;1.220361;,
   11.572888;21.829412;1.507267;,
   14.467181;28.521074;2.151665;,
   14.971201;21.771593;1.869750;,
   15.360582;29.042435;-0.199159;,
   16.804031;21.721369;-1.420052;,
   15.374122;23.311268;-4.912444;,
   14.268763;30.222723;-3.057805;,
   12.729776;23.389631;-5.423031;,
   10.592492;30.498377;-3.750857;,
   -103.131111;89.725250;-4.177218;,
   -103.243507;88.922409;-4.509264;,
   -101.844513;87.798546;-2.693137;,
   -99.995697;87.597046;-6.178628;,
   -102.339706;88.821922;-5.851658;,
   -98.970650;91.237244;-4.149310;,
   -103.132965;91.060478;-4.291283;,
   -103.131111;89.725250;-4.177218;,
   -103.243507;88.922409;-4.509264;,
   -95.912453;89.219269;-3.264395;,
   -96.813164;87.491669;-1.593632;,
   -98.273552;86.080345;-4.357668;,
   -99.030823;85.647064;-2.864514;,
   -98.955856;87.486130;-2.191565;,
   -100.426888;85.617729;-2.725683;,
   -98.947906;88.064438;-0.939982;,
   -102.792877;88.582954;-1.021370;,
   -98.947906;88.750114;1.034866;,
   -95.912453;87.804214;-0.680603;,
   -101.844513;87.798546;-2.693137;,
   -102.792877;88.582954;-1.021370;,
   -107.790901;87.479103;-2.886879;,
   104.050529;90.122894;5.593284;,
   103.948669;88.298012;7.734383;,
   98.009193;88.593796;5.528257;,
   98.006317;88.192497;7.491625;,
   95.602867;88.073814;5.360840;,
   94.999657;87.881638;6.991213;,
   94.999657;87.307487;8.669422;,
   98.006317;87.556686;9.521564;,
   -103.829346;89.392967;0.981687;,
   -102.792877;88.582954;-1.021370;,
   -98.947906;88.750114;1.034866;,
   -109.831398;92.148712;-1.720551;,
   -110.142197;92.026917;0.204410;,
   -108.405960;92.411804;0.194138;,
   -107.919556;92.463890;-2.013137;,
   -108.490593;91.125755;-3.772245;,
   -110.208336;91.160454;-3.441652;,
   -116.666855;90.432938;-2.155336;,
   -116.349815;89.865524;-3.616965;,
   -117.525490;89.157097;-3.075025;,
   -117.721741;89.505730;-2.118695;,
   -117.891808;87.986023;-2.119276;,
   -117.721222;87.931374;-3.361003;,
   -117.525681;86.974762;-3.025531;,
   -117.722076;86.684692;-2.119788;,
   -117.527199;86.979431;-0.856898;,
   -117.722595;87.932205;-0.732279;,
   -116.666847;87.951042;0.005181;,
   -116.349808;86.226570;-0.194874;,
   -116.666847;85.752731;-2.155334;,
   -102.912865;92.482956;-2.392480;,
   -103.132965;91.060478;-4.291283;,
   -103.131111;89.725250;-4.177218;,
   -108.703522;89.490623;-3.838975;,
   -110.444023;89.456566;-3.672288;,
   -116.666847;87.951042;-4.080541;,
   -116.349808;86.226570;-3.537011;,
   -109.661568;87.251465;-2.917974;,
   -110.231239;86.886070;-1.403663;,
   -116.666847;85.752731;-2.155334;,
   -116.349808;86.226570;-0.194874;,
   -110.542038;87.666595;0.508742;,
   -116.666847;87.951042;0.005181;,
   -110.325180;90.105705;0.687602;,
   -108.917648;88.100563;0.638479;,
   -108.551422;90.369087;0.860499;,
   -110.142197;92.026917;0.204410;,
   -108.405960;92.411804;0.194138;,
   -101.708519;93.448883;0.302373;,
   -98.925293;92.770012;-1.842949;,
   -98.970650;91.237244;-4.149310;,
   -108.431229;87.273361;-1.276464;,
   -103.829346;89.392967;0.981687;,
   -102.995361;91.663506;1.258427;,
   -101.708519;93.448883;0.302373;,
   -107.790901;87.479103;-2.886879;,
   -102.792877;88.582954;-1.021370;,
   -116.349808;86.226570;-3.537011;,
   -116.666847;87.951042;-4.080541;,
   -13.945098;82.838272;-28.182671;,
   -15.335124;79.265961;-25.051840;,
   -17.611197;82.207993;-21.958973;,
   17.614805;82.207993;-21.958984;,
   15.338735;79.265961;-25.051847;,
   13.948705;82.838272;-28.182678;,
   -2.108721;70.495995;-32.482956;,
   -2.180440;72.157555;-31.656366;,
   -2.060912;71.851967;-33.182285;,
   -0.000022;113.329384;-25.822760;,
   -0.000022;113.822548;-27.663586;,
   -4.545082;112.835922;-25.933372;,
   -3.885646;113.406540;-27.794674;,
   -7.271325;111.688591;-26.190540;,
   -7.020642;112.545570;-28.146311;,
   -8.944395;110.205681;-26.522928;,
   -9.307576;110.947304;-28.718723;,
   -10.224502;108.312134;-26.947357;,
   -10.773418;109.037819;-29.255037;,
   -11.372990;105.140961;-27.658167;,
   -11.841385;106.353218;-30.217657;,
   -11.397904;101.154633;-28.551682;,
   -11.869196;102.519455;-31.355392;,
   -9.944914;96.036453;-29.698914;,
   -10.403563;98.130997;-32.415371;,
   -9.702001;95.935936;-33.005924;,
   -9.040637;93.728790;-30.205460;,
   -8.997110;93.530785;-33.428726;,
   -8.561907;92.406738;-30.979839;,
   -3.398639;115.202507;-29.337805;,
   -6.870770;114.613571;-30.438173;,
   -9.502063;113.649391;-32.203308;,
   -11.226439;111.437759;-33.735573;,
   -12.471629;107.973824;-33.896561;,
   -12.316199;104.606461;-34.429855;,
   -11.535119;101.628174;-35.088261;,
   -10.547365;98.792137;-35.934750;,
   -9.568419;95.964500;-36.775452;,
   -8.077389;93.350868;-37.314217;,
   -7.465565;91.024605;-34.377682;,
   -6.812958;89.983650;-32.179394;,
   -4.858932;89.082771;-35.015057;,
   -5.258001;89.066002;-32.671719;,
   -3.145651;87.946091;-33.240231;,
   -2.468695;88.067635;-35.766258;,
   -0.000014;87.429626;-33.226944;,
   -0.000014;87.582878;-36.528713;,
   -0.000023;115.374031;-28.985312;,
   -0.000024;120.481834;-29.847683;,
   -3.112972;120.445763;-30.013409;,
   -6.696887;120.262444;-31.176527;,
   -9.080140;119.946899;-33.195061;,
   -11.157413;114.723434;-35.630474;,
   -12.583800;110.786270;-37.680885;,
   -12.500972;109.197609;-37.292824;,
   -12.422969;106.469246;-37.815807;,
   -12.470882;104.944771;-38.860348;,
   -12.548407;103.841354;-39.967529;,
   -11.083785;100.324722;-40.674908;,
   -9.346422;97.035271;-41.085915;,
   -7.079046;94.004288;-41.203506;,
   -5.847078;91.309120;-37.734127;,
   -3.274452;88.697617;-39.107475;,
   -0.000014;88.267433;-40.431824;,
   -2.377573;89.570648;-45.543781;,
   -0.000014;89.126549;-46.569355;,
   -2.991482;124.558189;-31.237206;,
   -6.402076;123.988518;-32.287006;,
   -8.584128;123.470955;-33.942665;,
   -10.098289;123.075630;-35.840141;,
   -10.786682;119.666191;-35.714291;,
   -12.055419;115.446831;-38.638451;,
   -12.544840;112.703362;-39.232437;,
   -0.000025;124.660217;-31.073593;,
   -3.005396;128.136810;-33.793266;,
   -6.004075;127.519951;-34.395325;,
   -8.195784;126.539352;-35.313030;,
   -9.451432;125.678795;-36.302662;,
   -10.076364;126.317474;-38.894875;,
   -11.171699;123.087730;-38.795956;,
   -11.826212;119.519218;-38.626301;,
   -12.594542;115.431404;-42.091236;,
   -12.581679;113.337830;-40.782211;,
   -0.000026;128.347321;-33.598915;,
   -0.000027;130.560638;-37.273567;,
   -2.886878;130.343918;-37.391148;,
   -5.774872;129.624756;-37.749279;,
   -8.351218;128.150681;-38.326653;,
   -10.472403;126.651100;-42.234680;,
   -11.881114;123.054237;-42.216198;,
   -12.503504;119.332581;-42.194538;,
   -12.564547;114.160408;-46.144642;,
   -12.710531;113.193802;-42.180553;,
   -0.000027;131.719955;-41.595978;,
   -2.755502;131.486984;-41.595833;,
   -5.758567;130.674149;-41.822811;,
   -8.558545;128.878113;-42.076813;,
   -10.463980;126.543129;-46.368614;,
   -11.946594;123.029121;-46.436699;,
   -12.597680;119.228821;-46.435802;,
   -12.312033;114.340950;-49.946041;,
   -13.346854;110.701164;-49.982109;,
   -13.444410;110.214966;-46.493343;,
   -13.709658;109.682556;-44.185284;,
   -12.972047;111.902985;-43.851810;,
   -14.045135;111.131828;-43.074486;,
   -14.581630;112.088058;-41.979458;,
   -15.578854;113.873878;-39.783112;,
   -15.060243;113.880814;-38.939697;,
   -12.581679;113.337830;-40.782211;,
   -13.892236;112.483154;-38.355354;,
   -12.544840;112.703362;-39.232437;,
   -0.000027;131.494019;-46.340584;,
   -2.635581;131.223007;-46.232315;,
   -5.619402;130.459641;-46.164539;,
   -8.316195;128.696808;-46.189156;,
   -9.850472;126.240677;-50.057461;,
   -11.228695;123.002075;-50.432537;,
   -11.928017;119.421043;-50.390034;,
   -11.730256;114.328468;-53.801353;,
   -12.546297;110.823517;-53.793873;,
   -15.707419;105.855652;-50.490982;,
   -14.751320;106.019264;-46.772339;,
   -13.950905;106.398621;-43.602501;,
   -13.909344;109.056473;-43.213554;,
   2.755448;131.486984;-41.595833;,
   2.635527;131.223007;-46.232315;,
   -0.000027;130.523941;-50.026928;,
   -2.524907;130.281189;-49.968140;,
   -5.329769;129.595932;-49.850395;,
   -7.843822;128.072311;-49.907753;,
   -8.258429;125.448242;-53.423878;,
   -9.027596;123.648712;-54.098434;,
   -9.829935;120.927444;-54.475040;,
   -10.872077;118.283554;-54.067745;,
   -10.232732;116.203018;-55.237473;,
   -10.889950;113.829987;-54.723545;,
   -11.445614;110.505348;-54.582409;,
   -14.308979;106.427689;-54.447609;,
   -15.349562;103.757828;-50.969700;,
   -14.307518;103.711128;-46.840908;,
   2.886824;130.343918;-37.391148;,
   5.774819;129.624756;-37.749279;,
   5.758514;130.674149;-41.822811;,
   5.619349;130.459641;-46.164539;,
   2.524854;130.281189;-49.968140;,
   -0.000026;128.537506;-53.085659;,
   -2.338274;128.412430;-53.027020;,
   -4.697211;127.975510;-52.895313;,
   -6.824124;126.857986;-52.998745;,
   -6.031542;125.079048;-54.935162;,
   -6.306618;124.019081;-55.598873;,
   -6.307790;123.455170;-56.070690;,
   -6.271680;122.350143;-56.482281;,
   -6.684973;121.145599;-56.778259;,
   -6.795779;120.130615;-56.659946;,
   -3.718382;120.760468;-57.793732;,
   -3.764837;119.295105;-57.789394;,
   -1.766004;118.952156;-58.027756;,
   -0.000027;130.560638;-37.273567;,
   3.005343;128.136810;-33.793266;,
   6.004021;127.519951;-34.395325;,
   8.351167;128.150681;-38.326660;,
   8.558494;128.878113;-42.076820;,
   8.316143;128.696808;-46.189163;,
   5.329716;129.595932;-49.850395;,
   2.338223;128.412430;-53.027020;,
   2.170193;126.363190;-55.234303;,
   -0.000025;126.376953;-55.360035;,
   -2.170243;126.363190;-55.234303;,
   -4.141288;126.337959;-54.834358;,
   -5.576365;126.119522;-54.457600;,
   -3.979751;124.681755;-56.269566;,
   -3.948683;123.804260;-56.499245;,
   -3.842260;123.021217;-57.088474;,
   -3.745390;121.894936;-57.261024;,
   -1.858953;121.664223;-57.564301;,
   -0.000026;128.347321;-33.598915;,
   -0.000025;124.660217;-31.073593;,
   2.991432;124.558189;-31.237206;,
   6.402025;123.988518;-32.287014;,
   8.195734;126.539352;-35.313038;,
   9.451383;125.678795;-36.302670;,
   10.076314;126.317474;-38.894882;,
   10.472353;126.651100;-42.234688;,
   10.463930;126.543129;-46.368622;,
   9.850423;126.240677;-50.057468;,
   7.843770;128.072311;-49.907761;,
   4.697159;127.975510;-52.895313;,
   4.141237;126.337959;-54.834358;,
   3.979702;124.681755;-56.269566;,
   2.056229;124.493958;-56.722733;,
   -0.000025;124.307114;-56.893234;,
   -2.056278;124.493958;-56.722733;,
   -0.000024;120.481834;-29.847683;,
   3.112924;120.445763;-30.013409;,
   6.696839;120.262444;-31.176531;,
   8.584081;123.470955;-33.942673;,
   10.098241;123.075630;-35.840149;,
   11.171651;123.087730;-38.795963;,
   11.881066;123.054237;-42.216206;,
   11.946547;123.029121;-46.436707;,
   11.228647;123.002075;-50.432545;,
   8.258379;125.448242;-53.423885;,
   6.824073;126.857986;-52.998753;,
   5.576314;126.119522;-54.457600;,
   6.031491;125.079048;-54.935162;,
   6.306568;124.019081;-55.598873;,
   3.948634;123.804260;-56.499245;,
   2.009687;123.578598;-56.900528;,
   -0.000024;123.443069;-57.035526;,
   -2.009736;123.578598;-56.900528;,
   3.398594;115.202507;-29.337809;,
   6.870725;114.613571;-30.438177;,
   9.502021;113.649391;-32.203316;,
   9.080094;119.946899;-33.195068;,
   10.786636;119.666191;-35.714298;,
   11.826166;119.519218;-38.626308;,
   12.503458;119.332581;-42.194546;,
   12.597634;119.228821;-46.435810;,
   11.927971;119.421043;-50.390041;,
   9.829887;120.927444;-54.475048;,
   9.027546;123.648712;-54.098442;,
   -0.000023;115.374031;-28.985312;,
   -0.000022;113.822548;-27.663586;,
   3.885602;113.406540;-27.794678;,
   7.020598;112.545570;-28.146315;,
   9.307534;110.947304;-28.718727;,
   11.226398;111.437759;-33.735580;,
   11.157370;114.723434;-35.630482;,
   12.055375;115.446831;-38.638458;,
   12.594498;115.431404;-42.091244;,
   12.564503;114.160408;-46.144650;,
   12.311989;114.340950;-49.946049;,
   11.730212;114.328468;-53.801361;,
   10.872031;118.283554;-54.067753;,
   6.795731;120.130615;-56.659954;,
   7.546912;117.418999;-56.870338;,
   3.764791;119.295105;-57.789394;,
   3.909968;115.804955;-59.107185;,
   1.706101;114.705673;-60.126869;,
   1.765958;118.952156;-58.027756;,
   4.545038;112.835922;-25.933376;,
   7.271281;111.688591;-26.190544;,
   8.944355;110.205681;-26.522932;,
   10.224462;108.312134;-26.947365;,
   10.773378;109.037819;-29.255045;,
   11.841347;106.353218;-30.217665;,
   12.471589;107.973824;-33.896568;,
   12.500932;109.197609;-37.292831;,
   12.583758;110.786270;-37.680893;,
   12.544798;112.703362;-39.232445;,
   12.581637;113.337830;-40.782219;,
   12.710489;113.193802;-42.180561;,
   12.972005;111.902985;-43.851818;,
   13.709618;109.682556;-44.185291;,
   13.444370;110.214966;-46.493351;,
   13.346812;110.701164;-49.982117;,
   -0.000022;113.329384;-25.822760;,
   11.372952;105.140961;-27.658175;,
   11.397868;101.154633;-28.551689;,
   11.869160;102.519455;-31.355400;,
   12.316161;104.606461;-34.429863;,
   12.422931;106.469246;-37.815815;,
   11.535083;101.628174;-35.088268;,
   12.470844;104.944771;-38.860355;,
   12.548370;103.841354;-39.967537;,
   10.547331;98.792137;-35.934757;,
   11.083751;100.324722;-40.674915;,
   12.540466;102.996559;-41.421021;,
   11.943149;100.232025;-42.946754;,
   12.752793;103.031548;-42.614216;,
   11.912560;101.522995;-45.119507;,
   13.276346;103.987648;-43.262447;,
   14.466969;104.474190;-41.572201;,
   14.437821;103.882759;-41.176559;,
   12.540466;102.996559;-41.421021;,
   14.041973;103.741478;-40.311409;,
   12.548370;103.841354;-39.967537;,
   9.944881;96.036453;-29.698921;,
   10.403529;98.130997;-32.415379;,
   9.701968;95.935936;-33.005932;,
   9.040606;93.728790;-30.205463;,
   8.997080;93.530785;-33.428734;,
   9.568387;95.964500;-36.775459;,
   9.346390;97.035271;-41.085922;,
   11.077682;97.322144;-43.584698;,
   10.798252;99.475731;-47.563900;,
   8.561876;92.406738;-30.979843;,
   7.465534;91.024605;-34.377689;,
   8.077358;93.350868;-37.314224;,
   7.079014;94.004288;-41.203514;,
   8.582055;94.201080;-42.668728;,
   10.414650;94.566391;-45.053421;,
   9.989377;96.480286;-48.310463;,
   8.790627;96.171478;-52.621185;,
   9.604683;98.897346;-51.542358;,
   7.665187;96.361839;-56.726292;,
   8.729115;99.688713;-55.742031;,
   4.465733;99.682594;-58.800602;,
   5.575104;103.413643;-57.934269;,
   9.860686;104.735306;-56.312271;,
   11.274105;102.251190;-55.346066;,
   9.604683;98.897346;-51.542358;,
   12.743944;101.239105;-51.447678;,
   10.798252;99.475731;-47.563900;,
   6.812928;89.983650;-32.179401;,
   4.858901;89.082771;-35.015057;,
   5.847047;91.309120;-37.734127;,
   5.469731;91.978142;-41.586941;,
   7.931138;91.306496;-44.655624;,
   9.366155;91.471687;-48.114182;,
   9.537783;93.704185;-49.346512;,
   8.519444;93.003548;-53.440384;,
   7.154126;92.533119;-57.967918;,
   5.290012;92.282074;-59.912651;,
   2.128901;98.576363;-60.107819;,
   1.691749;99.783180;-60.182156;,
   3.298395;100.647743;-59.602432;,
   3.284539;103.938133;-59.371784;,
   2.520962;107.401733;-59.201202;,
   5.169228;108.060295;-57.205360;,
   9.231316;109.724487;-55.242153;,
   12.788630;105.829399;-55.187637;,
   5.257971;89.066002;-32.671719;,
   3.145622;87.946091;-33.240231;,
   2.468667;88.067635;-35.766258;,
   3.274423;88.697617;-39.107475;,
   4.368437;90.560150;-43.438267;,
   6.870760;89.307213;-47.730091;,
   8.185470;89.887985;-53.532795;,
   -0.000014;87.429626;-33.226944;,
   -0.000014;87.582878;-36.528713;,
   -0.000014;88.267433;-40.431824;,
   2.377543;89.570648;-45.543781;,
   6.134841;88.014595;-52.847084;,
   5.224983;87.382698;-57.380512;,
   6.986773;89.366402;-57.844070;,
   4.969452;89.054260;-60.196632;,
   2.816996;92.402458;-61.119236;,
   -0.000017;98.331772;-60.637424;,
   -0.000017;99.471764;-60.582264;,
   -0.000014;87.160927;-52.168777;,
   2.683320;87.121925;-52.292236;,
   2.729850;86.159470;-56.537285;,
   2.566822;87.006317;-59.518970;,
   -2.683347;87.121925;-52.292236;,
   -2.729877;86.159470;-56.537285;,
   -0.000013;85.910301;-56.589188;,
   -6.134870;88.014595;-52.847084;,
   -5.225011;87.382698;-57.380512;,
   -2.566849;87.006317;-59.518970;,
   -0.000013;86.695656;-59.567478;,
   -0.000014;89.052490;-61.665382;,
   2.664165;89.106949;-61.394287;,
   -0.000015;92.536362;-61.618858;,
   -2.817026;92.402458;-61.119236;,
   -2.128935;98.576363;-60.107819;,
   -1.691784;99.783180;-60.182156;,
   -4.465768;99.682594;-58.800602;,
   -3.298430;100.647743;-59.602432;,
   -5.575141;103.413643;-57.934269;,
   -3.284576;103.938133;-59.371784;,
   -2.521001;107.401733;-59.201202;,
   -5.169268;108.060295;-57.205360;,
   -1.105823;109.772247;-59.076477;,
   -6.870790;89.307213;-47.730083;,
   -8.185498;89.887985;-53.532787;,
   -6.986802;89.366402;-57.844063;,
   -4.969481;89.054260;-60.196632;,
   -2.664193;89.106949;-61.394287;,
   -4.368467;90.560150;-43.438267;,
   -7.931169;91.306496;-44.655617;,
   -9.366185;91.471687;-48.114174;,
   -8.519475;93.003548;-53.440376;,
   -7.154158;92.533119;-57.967911;,
   -5.290043;92.282074;-59.912651;,
   -5.469761;91.978142;-41.586941;,
   -8.582086;94.201080;-42.668720;,
   -10.414680;94.566391;-45.053413;,
   -9.537813;93.704185;-49.346504;,
   -9.989409;96.480286;-48.310455;,
   -8.790660;96.171478;-52.621178;,
   -7.665220;96.361839;-56.726284;,
   -11.077715;97.322144;-43.584690;,
   -10.798286;99.475731;-47.563892;,
   -9.604717;98.897346;-51.542351;,
   -8.729150;99.688713;-55.742023;,
   -9.860724;104.735306;-56.312263;,
   -9.231356;109.724487;-55.242146;,
   -4.709898;111.216843;-58.055950;,
   -4.133173;114.008575;-59.145351;,
   -1.533513;112.920998;-60.122776;,
   -0.000021;112.464806;-60.245956;,
   -0.000020;110.050446;-59.249702;,
   1.105783;109.772247;-59.076477;,
   -11.943183;100.232025;-42.946747;,
   -11.912596;101.522995;-45.119499;,
   -12.752830;103.031548;-42.614208;,
   -13.276382;103.987648;-43.262440;,
   -12.477510;101.485168;-47.166832;,
   -10.798286;99.475731;-47.563892;,
   -12.743980;101.239105;-51.447670;,
   -9.604717;98.897346;-51.542351;,
   -11.274141;102.251190;-55.346058;,
   -12.788669;105.829399;-55.187630;,
   -8.688287;113.044571;-56.137947;,
   -8.133190;115.597603;-56.781281;,
   -7.546957;117.418999;-56.870331;,
   -3.910012;115.804955;-59.107185;,
   -1.706144;114.705673;-60.126869;,
   -0.000022;114.487823;-60.250839;,
   1.533470;112.920998;-60.122776;,
   4.133129;114.008575;-59.145351;,
   4.709856;111.216843;-58.055950;,
   -6.795779;120.130615;-56.659946;,
   -3.764837;119.295105;-57.789394;,
   -1.766004;118.952156;-58.027756;,
   -0.000023;118.867310;-58.095261;,
   8.133146;115.597603;-56.781288;,
   8.688245;113.044571;-56.137955;,
   10.232688;116.203018;-55.237480;,
   10.889908;113.829987;-54.723553;,
   11.445574;110.505348;-54.582417;,
   14.308941;106.427689;-54.447617;,
   13.962013;104.655518;-54.715221;,
   15.349525;103.757828;-50.969707;,
   14.307482;103.711128;-46.840916;,
   12.477474;101.485168;-47.166840;,
   12.546255;110.823517;-53.793880;,
   15.707381;105.855652;-50.490990;,
   14.751282;106.019264;-46.772346;,
   13.950867;106.398621;-43.602509;,
   13.909304;109.056473;-43.213562;,
   13.876774;109.184769;-40.958000;,
   13.864779;107.269455;-41.237106;,
   13.873523;105.190895;-41.423927;,
   15.565161;106.757874;-38.784889;,
   16.861261;105.928474;-39.235542;,
   17.031578;105.457542;-38.807049;,
   16.400944;105.339172;-37.958088;,
   14.067850;106.085808;-37.825203;,
   12.470844;104.944771;-38.860355;,
   14.045094;111.131828;-43.074493;,
   14.104879;110.481033;-42.370457;,
   13.971974;110.558960;-40.833767;,
   14.364875;109.135689;-39.276176;,
   14.139093;107.264862;-39.834225;,
   16.350197;108.389351;-37.855213;,
   17.897926;108.002113;-38.281223;,
   18.402216;107.766563;-37.512081;,
   17.781954;107.866722;-36.575466;,
   14.952990;108.498039;-36.570080;,
   12.422931;106.469246;-37.815815;,
   14.581588;112.088058;-41.979465;,
   14.505122;111.503609;-41.436676;,
   15.426111;112.036575;-39.631138;,
   14.646556;110.524620;-39.136040;,
   16.846643;110.229584;-37.646080;,
   15.578810;113.873878;-39.783119;,
   15.993046;112.723557;-40.294525;,
   15.060199;113.880814;-38.939705;,
   17.161398;112.898384;-37.186565;,
   17.649355;112.874969;-37.983444;,
   17.388269;112.066818;-38.840324;,
   16.377064;111.587135;-38.137505;,
   17.983133;110.364990;-38.124912;,
   12.581637;113.337830;-40.782219;,
   13.892194;112.483154;-38.355362;,
   15.113689;111.883591;-37.227169;,
   18.033901;110.655632;-36.418846;,
   18.530115;110.694176;-37.296368;,
   12.544798;112.703362;-39.232445;,
   12.583758;110.786270;-37.680893;,
   15.132268;110.535271;-36.640049;,
   12.500932;109.197609;-37.292831;,
   -13.962051;104.655518;-54.715214;,
   -13.864818;107.269455;-41.237099;,
   -13.876814;109.184769;-40.957993;,
   -13.972014;110.558960;-40.833759;,
   -14.104919;110.481033;-42.370449;,
   -14.505164;111.503609;-41.436668;,
   -15.426153;112.036575;-39.631130;,
   -15.993088;112.723557;-40.294518;,
   -14.646596;110.524620;-39.136032;,
   -16.377106;111.587135;-38.137497;,
   -17.388311;112.066818;-38.840317;,
   -17.649401;112.874969;-37.983437;,
   -17.161444;112.898384;-37.186558;,
   -15.113731;111.883591;-37.227161;,
