xof 0303txt 0032
template VertexDuplicationIndices {
 <b8d65549-d7c9-4995-89cf-53a9a8b031e3>
 DWORD nIndices;
 DWORD nOriginalVertices;
 array DWORD indices[nIndices];
}

template EffectParamDWord {
 <e13963bc-ae51-4c5d-b00f-cfa3a9d97ce5>
 STRING ParamName;
 DWORD Value;
}

template FVFData {
 <b6e70a0e-8ef9-4e83-94ad-ecc8b0c04897>
 DWORD dwFVF;
 DWORD nDWords;
 array DWORD data[nDWords];
}

template EffectFloats {
 <f1cfe2b3-0de3-4e28-afa1-155a750a282d>
 DWORD nFloats;
 array FLOAT Floats[nFloats];
}

template EffectString {
 <d55b097e-bdb6-4c52-b03d-6051c89d0e42>
 STRING Value;
}

template EffectDWord {
 <622c0ed0-956e-4da9-908a-2af94f3ce716>
 DWORD Value;
}

template EffectInstance {
 <e331f7e4-0559-4cc2-8e99-1cec1657928f>
 STRING EffectFilename;
 [...]
}

template AnimTicksPerSecond {
 <9e415a43-7ba6-4a73-8743-b73d47e88476>
 DWORD AnimTicksPerSecond;
}

template VertexElement {
 <f752461c-1e23-48f6-b9f8-8350850f336f>
 DWORD Type;
 DWORD Method;
 DWORD Usage;
 DWORD UsageIndex;
}

template DeclData {
 <bf22e553-292c-4781-9fea-62bd554bdd93>
 DWORD nElements;
 array VertexElement Elements[nElements];
 DWORD nDWords;
 array DWORD data[nDWords];
}

template EffectParamFloats {
 <3014b9a0-62f5-478c-9b86-e4ac9f4e418b>
 STRING ParamName;
 DWORD nFloats;
 array FLOAT Floats[nFloats];
}

template EffectParamString {
 <1dbc4c88-94c1-46ee-9076-2c28818c9481>
 STRING ParamName;
 STRING Value;
}


AnimTicksPerSecond {
 4800;
}

Frame {
 

 FrameTransformMatrix {
  1.000000,0.000000,0.000000,0.000000,0.000000,1.000000,0.000000,0.000000,0.000000,0.000000,1.000000,0.000000,0.000000,0.000000,0.000000,1.000000;;
 }

 Frame MafiaBlender_Anims {
  

  FrameTransformMatrix {
   1.000000,0.000000,0.000000,0.000000,0.000000,1.000000,0.000000,0.000000,0.000000,0.000000,1.000000,0.000000,0.000000,0.000000,0.000000,1.000000;;
  }

  Frame Root {
   

   FrameTransformMatrix {
    0.000000,0.000000,-1.000000,0.000000,0.000000,1.000000,0.000000,0.000000,1.000000,0.000000,0.000000,0.000000,0.000000,37.616329,0.621378,1.000000;;
   }

   Frame bip_spine01 {
    

    FrameTransformMatrix {
     -0.140848,0.990031,-0.000000,0.000000,-0.990031,-0.140848,0.000000,0.000000,0.000000,0.000000,1.000000,0.000000,-1.089011,16.064339,0.000000,1.000000;;
    }

    Frame bip_spine03 {
     

     FrameTransformMatrix {
      -0.140848,-0.990031,0.000000,0.000000,0.495016,-0.070424,-0.866026,0.000000,0.857392,-0.121978,0.500000,0.000000,25.311840,0.000000,0.000002,1.000000;;
     }

     Frame bip_neck01 {
      

      FrameTransformMatrix {
       0.886089,0.231757,0.401416,0.000000,-0.463515,0.443044,0.767376,0.000000,0.000000,-0.866026,0.500000,0.000000,22.878246,6.872136,11.902893,1.000000;;
      }

      Frame bip_neck02 {
       

       FrameTransformMatrix {
        0.999140,0.041471,-0.000000,0.000000,-0.041471,0.999140,-0.000000,0.000000,-0.000000,0.000000,1.000000,0.000000,12.794740,-0.000008,0.000001,1.000000;;
       }

       Frame bip_head {
        

        FrameTransformMatrix {
         0.875005,-0.484114,-0.000000,0.000000,0.242057,0.437503,-0.866025,0.000000,0.419255,0.757776,0.500000,0.000000,19.043524,-0.000003,0.000001,1.000000;;
        }
       }
      }
     }

     Frame bip_armL01 {
      

      FrameTransformMatrix {
       0.181424,-0.983261,-0.016859,0.000000,-0.409931,-0.060032,-0.910139,0.000000,0.893891,0.172032,-0.413960,0.000000,1.575914,-23.315763,26.794382,1.000000;;
      }

      Frame bip_armL02 {
       

       FrameTransformMatrix {
        -0.376892,-0.912049,-0.161612,0.000000,0.829276,-0.254530,-0.497509,0.000000,0.412618,-0.321528,0.852271,0.000000,16.323025,0.000003,0.000003,1.000000;;
       }

       Frame bip_armL03 {
        

        FrameTransformMatrix {
         0.752731,-0.201011,-0.626890,0.000000,0.400262,0.895764,0.193385,0.000000,0.522673,-0.396487,0.754726,0.000000,37.327126,-0.000004,0.000004,1.000000;;
        }

        Frame bip_handL_base {
         

         FrameTransformMatrix {
          0.000000,-1.000000,-0.000000,0.000000,-0.866493,0.000000,-0.499188,0.000000,0.499189,0.000000,-0.866493,0.000000,6.966960,-0.000002,0.000004,1.000000;;
         }

         Frame bip_handL_pinky01 {
          

          FrameTransformMatrix {
           -0.038476,-0.999001,-0.022750,0.000000,-0.991422,0.041010,-0.124095,0.000000,0.124904,0.017781,-0.992009,0.000000,-7.568789,-7.475660,3.932957,1.000000;;
          }

          Frame bip_handL_pinky02 {
           

           FrameTransformMatrix {
            -0.086220,-0.996250,-0.007260,0.000000,-0.888825,0.080211,-0.451171,0.000000,0.450061,-0.032448,-0.892407,0.000000,4.519524,0.000000,0.000000,1.000000;;
           }
          }
         }

         Frame bip_handL_ring01 {
          

          FrameTransformMatrix {
           0.006942,-0.999853,0.015677,0.000000,-0.986612,-0.009403,-0.162813,0.000000,0.162936,-0.014337,-0.986532,0.000000,-3.426582,-7.195709,6.359573,1.000000;;
          }

          Frame bip_handL_ring02 {
           

           FrameTransformMatrix {
            -0.022343,-0.999724,-0.007309,0.000000,-0.877459,0.023113,-0.479094,0.000000,0.479130,-0.004291,-0.877733,0.000000,6.558513,0.000000,0.000021,1.000000;;
           }
          }
         }

         Frame bip_handL_middle01 {
          

          FrameTransformMatrix {
           0.012219,-0.999883,-0.009197,0.000000,-0.986563,-0.010557,-0.163036,0.000000,0.162920,0.011066,-0.986577,0.000000,1.362930,-7.478864,6.775037,1.000000;;
          }

          Frame bip_handL_middle02 {
           

           FrameTransformMatrix {
            -0.021472,-0.999743,-0.007264,0.000000,-0.889369,0.022420,-0.456641,0.000000,0.456686,-0.003345,-0.889621,0.000000,6.839257,0.000000,0.000011,1.000000;;
           }
          }
         }

         Frame bip_handL_index01 {
          

          FrameTransformMatrix {
           0.100244,-0.994910,-0.010252,0.000000,-0.969328,-0.095332,-0.226527,0.000000,0.224397,0.032646,-0.973950,0.000000,5.764094,-6.724602,4.844927,1.000000;;
          }

          Frame bip_handL_index02 {
           

           FrameTransformMatrix {
            0.085649,-0.996299,-0.007235,0.000000,-0.894794,-0.073725,-0.440350,0.000000,0.438187,0.044189,-0.897797,0.000000,6.485229,0.000000,0.000000,1.000000;;
           }
          }
         }

         Frame bip_handL_thumb01 {
          

          FrameTransformMatrix {
           0.267766,-0.952640,-0.144148,0.000000,-0.963071,-0.269019,-0.011090,0.000000,-0.028213,0.141794,-0.989494,0.000000,8.660700,-5.742790,0.871465,1.000000;;
          }

          Frame bip_handL_thumb02 {
           

           FrameTransformMatrix {
            0.361036,-0.932532,0.006119,0.000000,-0.932518,-0.361070,-0.006092,0.000000,0.007891,-0.003507,-0.999962,0.000000,4.859262,0.000005,-0.000008,1.000000;;
           }
          }
         }
        }
       }
      }
     }

     Frame bip_armR01 {
      

      FrameTransformMatrix {
       -0.089653,0.543347,-0.834707,0.000000,-0.784950,-0.554400,-0.276574,0.000000,-0.613037,0.630408,0.476205,0.000000,1.575922,34.862568,-6.794754,1.000000;;
      }

      Frame bip_armR02 {
       

       FrameTransformMatrix {
        -0.334870,-0.920640,0.200709,0.000000,0.697579,-0.099027,0.709632,0.000000,-0.633439,0.377645,0.675380,0.000000,16.323135,0.000000,0.000003,1.000000;;
       }

       Frame bip_armR03 {
        

        FrameTransformMatrix {
         0.723638,-0.018507,0.689931,0.000000,0.278956,0.922193,-0.267848,0.000000,-0.631293,0.386286,0.672497,0.000000,37.326878,0.000002,0.000007,1.000000;;
        }

        Frame bip_handR_base {
         

         FrameTransformMatrix {
          0.000000,-1.000000,0.000000,0.000000,0.863572,0.000000,0.504226,0.000000,-0.504226,0.000000,0.863572,0.000000,6.966934,0.000002,-0.000000,1.000000;;
         }

         Frame bip_handR_pinky01 {
          

          FrameTransformMatrix {
           -0.124754,0.484807,-0.865678,0.000000,-0.985305,0.042058,0.165547,0.000000,0.116667,0.873609,0.472436,0.000000,-7.569021,7.143819,-4.507655,1.000000;;
          }

          Frame bip_handR_pinky02 {
           

           FrameTransformMatrix {
            -0.084457,-0.996427,0.000002,0.000000,0.829115,-0.070275,0.554644,0.000000,-0.552662,0.046845,0.832088,0.000000,4.519560,0.000000,0.000000,1.000000;;
           }
          }
         }

         Frame bip_handR_ring01 {
          

          FrameTransformMatrix {
           -0.058813,0.508442,-0.859085,0.000000,-0.990749,0.075702,0.112631,0.000000,0.122300,0.857762,0.499287,0.000000,-3.426804,9.105428,-3.052010,1.000000;;
          }

          Frame bip_handR_ring02 {
           

           FrameTransformMatrix {
            -0.020819,-0.999783,0.000000,0.000000,0.848996,-0.017679,0.528104,0.000000,-0.527990,0.010995,0.849180,0.000000,6.558558,0.000000,-0.000002,1.000000;;
           }
          }
         }

         Frame bip_handR_middle01 {
          

          FrameTransformMatrix {
           -0.060820,0.486456,-0.871586,0.000000,-0.990744,0.076747,0.111970,0.000000,0.121360,0.870328,0.477285,0.000000,1.362688,9.606990,-3.089577,1.000000;;
          }

          Frame bip_handR_middle02 {
           

           FrameTransformMatrix {
            -0.019675,-0.999806,0.000001,0.000000,0.835360,-0.016438,0.549458,0.000000,-0.549352,0.010811,0.835521,0.000000,6.839259,0.000002,-0.000008,1.000000;;
           }
          }
         }

         Frame bip_handR_index01 {
          

          FrameTransformMatrix {
           0.041792,0.459433,-0.887229,0.000000,-0.990902,0.132767,0.022075,0.000000,0.127936,0.878234,0.460801,0.000000,5.763896,7.558274,-3.401672,1.000000;;
          }

          Frame bip_handR_index02 {
           

           FrameTransformMatrix {
            0.087574,-0.996158,-0.000004,0.000000,0.822171,0.072276,0.564634,0.000000,-0.562465,-0.049451,0.825342,0.000000,6.485102,0.000008,0.000010,1.000000;;
           }
          }
         }

         Frame bip_handR_thumb01 {
          

          FrameTransformMatrix {
           0.144142,-0.003938,-0.989549,0.000000,-0.984545,0.099943,-0.143810,0.000000,0.099465,0.994985,0.010529,0.000000,8.660566,3.626472,-4.538177,1.000000;;
          }

          Frame bip_handR_thumb02 {
           

           FrameTransformMatrix {
            0.402015,-0.915054,0.032547,0.000000,0.396392,0.205971,0.894678,0.000000,-0.825383,-0.346773,0.445524,0.000000,4.858925,-0.000001,0.000015,1.000000;;
           }
          }
         }
        }
       }
      }
     }
    }
   }

   Frame bip_legL01 {
    

    FrameTransformMatrix {
     0.948954,-0.228689,0.217226,0.000000,-0.253828,-0.962520,0.095537,0.000000,0.187236,-0.145798,-0.971435,0.000000,1.185990,-6.194721,10.680266,1.000000;;
    }

    Frame bip_legL02 {
     

     FrameTransformMatrix {
      0.496346,0.859207,0.124115,0.000000,-0.856558,0.507963,-0.091011,0.000000,-0.141243,-0.061138,0.988085,0.000000,10.530334,0.000002,0.000001,1.000000;;
     }

     Frame bip_legL03 {
      

      FrameTransformMatrix {
       0.941033,-0.310025,0.135430,0.000000,0.307925,0.950702,0.036724,0.000000,-0.140138,0.007144,0.990106,0.000000,13.793995,-0.000000,0.000000,1.000000;;
      }

      Frame bip_footL {
       

       FrameTransformMatrix {
        0.261714,-0.965146,0.000000,0.000000,-0.482558,-0.130852,0.866034,0.000000,-0.835849,-0.226653,-0.499984,0.000000,7.011793,0.000001,0.000001,1.000000;;
       }
      }
     }
    }
   }

   Frame prp_apron01 {
    

    FrameTransformMatrix {
     1.000000,-0.000000,0.000000,0.000000,0.000000,0.500000,-0.866025,0.000000,0.000000,0.866025,0.500000,0.000000,13.984599,3.587257,-0.000000,1.000000;;
    }
   }

   Frame prp_bowL_base {
    

    FrameTransformMatrix {
     0.045639,-0.595276,0.802225,0.000000,-0.998958,-0.027196,0.036651,0.000000,0.000000,-0.803061,-0.595896,0.000000,-16.143139,5.769955,6.410356,1.000000;;
    }

    Frame prp_bowL_01 {
     

     FrameTransformMatrix {
      0.045639,-0.998958,0.000001,0.000000,-0.992384,-0.045339,0.114531,0.000000,-0.114412,-0.005228,-0.993420,0.000000,11.190084,0.000001,0.000001,1.000000;;
     }
    }
   }

   Frame prp_bowR_base {
    

    FrameTransformMatrix {
     0.045640,-0.595271,-0.802228,0.000000,-0.998958,-0.027197,-0.036651,0.000000,-0.000001,0.803064,-0.595892,0.000000,-16.143131,5.769890,-6.410354,1.000000;;
    }

    Frame prp_bowR_01 {
     

     FrameTransformMatrix {
      0.045640,-0.998958,-0.000001,0.000000,0.397114,0.018142,0.917590,0.000000,-0.916634,-0.041879,0.397529,0.000000,11.190039,-0.000000,0.000003,1.000000;;
     }
    }
   }

   Frame bip_legR01 {
    

    FrameTransformMatrix {
     0.948100,-0.231352,-0.218136,0.000000,-0.257052,-0.961464,-0.097527,0.000000,-0.187167,0.148538,-0.971033,0.000000,1.185989,-6.194725,-10.680276,1.000000;;
    }

    Frame bip_legR02 {
     

     FrameTransformMatrix {
      0.459923,0.879393,-0.123039,0.000000,-0.875614,0.472179,0.101724,0.000000,0.147552,0.060949,0.987175,0.000000,10.530325,0.000001,0.000000,1.000000;;
     }

     Frame bip_legR03 {
      

      FrameTransformMatrix {
       0.943371,-0.307802,-0.123729,0.000000,0.306033,0.951430,-0.033541,0.000000,0.128043,-0.006223,0.991749,0.000000,13.794004,-0.000000,0.000001,1.000000;;
      }

      Frame bip_footR {
       

       FrameTransformMatrix {
        0.261643,-0.965165,-0.000000,0.000000,-0.473130,-0.128259,0.871606,0.000000,-0.841244,-0.228049,-0.490206,0.000000,7.011785,-0.000001,0.000001,1.000000;;
       }
      }
     }
    }
   }
  }
 }

 Frame MafiaBlender {
  

  FrameTransformMatrix {
   1.000000,0.000000,0.000000,0.000000,0.000000,1.000000,0.000000,0.000000,0.000000,0.000000,1.000000,0.000000,0.000000,0.000000,0.000000,1.000000;;
  }

  Mesh MafiaBlender {
   4280;
   40.635048;100.635513;15.426855;,
   38.073425;92.490143;19.180708;,
   47.271420;90.095955;17.288979;,
   49.373493;96.785683;13.914998;,
   41.565285;104.649933;4.649779;,
   50.222076;100.242691;4.423629;,
   49.622051;99.475403;-2.724530;,
   40.792198;103.312767;-3.372072;,
   39.961742;99.462036;-8.416307;,
   48.840614;95.463226;-7.004229;,
   46.989277;89.762909;-9.796683;,
   37.729259;91.634048;-11.665973;,
   37.144028;82.941376;-11.221495;,
   46.614021;83.723663;-9.457638;,
   37.978874;75.597878;1.861108;,
   47.331985;78.020912;1.991865;,
   47.334183;76.606728;11.795711;,
   52.518700;78.625366;1.735066;,
   52.608467;77.230759;12.716843;,
   47.055077;82.705360;17.218206;,
   37.686516;82.132187;18.585670;,
   51.672966;90.215302;18.823069;,
   53.547329;96.948700;15.086593;,
   54.296131;100.685806;4.451667;,
   53.707066;100.023758;-3.597954;,
   53.052624;95.674103;-8.318860;,
   51.373505;90.026749;-11.417668;,
   51.379150;84.341957;-11.062393;,
   70.215569;91.822861;18.064911;,
   71.307884;98.677277;13.772959;,
   71.744263;101.647293;3.195825;,
   71.400978;100.153107;-4.439257;,
   71.019585;95.030014;-8.496249;,
   70.041054;88.673782;-10.862655;,
   70.044350;82.614021;-9.918705;,
   70.708435;77.732658;2.938763;,
   70.760757;77.307732;13.599085;,
   70.361702;84.248871;18.724663;,
   51.923721;83.158882;18.729239;,
   47.271420;90.095955;17.288979;,
   38.073425;92.490143;19.180708;,
   51.672966;90.215302;18.823069;,
   70.215569;91.822861;18.064911;,
   34.572960;92.586792;18.761404;,
   38.073425;92.490143;19.180708;,
   40.635048;100.635513;15.426855;,
   33.232498;103.517715;15.426856;,
   41.565285;104.649933;4.649779;,
   33.258778;107.638504;4.649779;,
   40.792198;103.312767;-3.372072;,
   31.147953;106.161964;-3.372072;,
   32.236046;99.355721;-8.416307;,
   39.961742;99.462036;-8.416307;,
   37.729259;91.634048;-11.665973;,
   32.970322;91.634048;-11.665973;,
   37.144028;82.941376;-11.221495;,
   32.951420;82.941376;-11.221495;,
   35.444656;74.435532;1.838860;,
   37.978874;75.597878;1.861108;,
   37.972099;73.696350;12.614154;,
   35.454243;72.566826;12.257104;,
   35.477528;82.240639;17.994894;,
   37.686516;82.132187;18.585670;,
   38.073425;92.490143;19.180708;,
   34.572960;92.586792;18.761404;,
   47.334183;76.606728;11.795711;,
   33.258778;107.638504;4.649779;,
   31.147953;106.161964;-3.372072;,
   22.239662;113.278175;1.255942;,
   22.187016;108.420029;17.566269;,
   33.232498;103.517715;15.426856;,
   28.934362;99.236908;22.148289;,
   34.572960;92.586792;18.761404;,
   31.045900;90.665535;21.762709;,
   35.477528;82.240639;17.994894;,
   32.470802;81.544975;20.483513;,
   35.454243;72.566826;12.257104;,
   31.003723;69.796989;15.793350;,
   31.214027;67.653709;12.889461;,
   29.246700;65.206093;15.455258;,
   25.906261;59.966942;10.000321;,
   23.914452;57.895233;13.120105;,
   27.714172;64.691666;18.910587;,
   20.066574;55.663780;16.480448;,
   21.987411;63.655739;22.822895;,
   22.900600;77.349464;26.742931;,
   29.232237;80.795670;23.164028;,
   20.192928;85.704582;29.044678;,
   21.280046;104.363579;23.441002;,
   20.303143;98.899536;27.532629;,
   24.304802;93.531189;26.136312;,
   27.246870;88.596123;24.995440;,
   25.294048;66.357964;-3.560694;,
   30.612440;73.230850;0.137565;,
   25.906261;59.966942;10.000321;,
   24.909672;79.521271;-9.341932;,
   32.951420;82.941376;-11.221495;,
   35.444656;74.435532;1.838860;,
   35.454243;72.566826;12.257104;,
   31.214027;67.653709;12.889461;,
   9.626896;10.571047;2.449036;,
   8.864733;20.153139;1.362409;,
   9.296373;10.283318;-2.180346;,
   8.253617;19.622698;-2.740036;,
   11.239045;10.036186;-5.352732;,
   9.801243;20.773285;-6.121809;,
   13.085773;20.723890;-5.694880;,
   13.889606;10.034636;-5.431933;,
   16.049242;20.677797;-5.194764;,
   8.864733;20.153139;1.362409;,
   8.619936;21.895374;1.220363;,
   8.253617;19.622698;-2.740036;,
   7.853017;21.809963;-2.802059;,
   9.801243;20.773285;-6.121809;,
   8.832168;23.462683;-5.934512;,
   12.729757;23.389641;-5.423025;,
   13.085773;20.723890;-5.694880;,
   15.374101;23.311275;-4.912436;,
   16.049242;20.677797;-5.194764;,
   16.804007;21.721378;-1.420047;,
   16.767397;19.578669;-1.415237;,
   14.923935;20.035496;1.985278;,
   15.880816;10.613460;3.163703;,
   12.724031;10.637495;3.529788;,
   11.675007;20.091881;1.637118;,
   14.971180;21.771601;1.869754;,
   11.572872;21.829418;1.507270;,
   8.864733;20.153139;1.362409;,
   9.626896;10.571047;2.449036;,
   6.276315;29.393227;-0.059413;,
   7.579975;30.123672;-3.942442;,
   6.816558;28.824326;4.617531;,
   0.001838;27.611715;4.684437;,
   8.619936;21.895374;1.220363;,
   10.631870;28.846684;3.552023;,
   6.816558;28.824326;4.617531;,
   14.467163;28.521082;2.151671;,
   15.360563;29.042442;-0.199151;,
   14.268744;30.222729;-3.057796;,
   10.592479;30.498384;-3.750848;,
   12.724031;10.637495;3.529788;,
   11.675007;20.091881;1.637118;,
   9.626896;10.571047;2.449036;,
   12.692279;7.801979;4.336385;,
   15.880816;10.613460;3.163703;,
   16.116465;7.787514;3.799338;,
   18.034332;7.328550;-0.462492;,
   17.652447;10.374353;-0.674534;,
   16.767397;19.578669;-1.415237;,
   16.488836;10.096651;-4.593476;,
   16.049242;20.677797;-5.194764;,
   13.889606;10.034636;-5.431933;,
   13.916582;7.318291;-5.736194;,
   11.146951;7.389484;-5.552121;,
   11.239045;10.036186;-5.352732;,
   9.296373;10.283318;-2.180346;,
   8.954152;7.050329;-2.136046;,
   9.626896;10.571047;2.449036;,
   9.261353;7.620244;3.003988;,
   9.602706;7.375101;2.645967;,
   9.261353;7.620244;3.003988;,
   9.602706;7.375101;2.645967;,
   12.758320;7.549945;3.945588;,
   15.893297;7.528602;3.375822;,
   17.660454;7.180702;-0.543517;,
   16.418907;7.085083;-4.399194;,
   16.681362;7.247230;-4.757253;,
   10.115129;7.487138;2.108508;,
   12.857468;7.651632;3.358923;,
   15.909385;7.258251;2.740038;,
   17.099201;7.438804;-0.665153;,
   16.024902;7.321709;-3.861674;,
   13.881807;7.150300;-5.345435;,
   11.711580;11.095830;1.233974;,
   13.205819;11.141541;1.446008;,
   14.697429;11.187165;1.657653;,
   15.586774;10.406854;-0.233735;,
   14.698424;10.612242;-2.798480;,
   13.829597;7.378142;-4.758826;,
   11.630429;7.434665;-4.492820;,
   11.340248;7.215624;-5.128605;,
   9.328027;6.925399;-2.079256;,
   10.115129;7.487138;2.108508;,
   9.889278;7.217887;-1.994000;,
   11.388401;10.242299;-1.115991;,
   11.711580;11.095830;1.233974;,
   13.621445;10.656354;-2.974471;,
   12.542581;10.700556;-3.150860;,
   13.416180;6.854680;2.622574;,
   12.373043;6.854680;2.584816;,
   13.420459;6.769734;2.957631;,
   12.282701;6.769734;2.890065;,
   13.425526;6.043075;3.354273;,
   12.175752;6.043075;3.251422;,
   12.251657;5.921768;2.994954;,
   13.421928;5.921768;3.072762;,
   11.342874;6.769735;2.303150;,
   11.129277;6.043075;2.630910;,
   11.280873;5.921768;2.398289;,
   10.306857;6.043075;0.679397;,
   10.514035;5.921768;0.578668;,
   10.630726;5.921769;-3.416026;,
   10.432005;6.043076;-3.604847;,
   11.849640;5.921769;-4.407218;,
   11.739771;6.043076;-4.641247;,
   13.425526;6.043076;-4.976306;,
   13.421928;5.921769;-4.694794;,
   15.025807;5.921769;-4.367625;,
   15.146160;6.043076;-4.598784;,
   16.312637;6.043076;-3.604848;,
   16.113918;5.921769;-3.416026;,
   16.437786;6.043075;0.679397;,
   16.230610;5.921768;0.578668;,
   15.463771;5.921768;2.398289;,
   11.523305;6.854680;2.026281;,
   10.598766;6.769735;0.537471;,
   10.845355;6.854680;0.417583;,
   10.948520;6.854681;-3.114064;,
   10.711999;6.769737;-3.338802;,
   11.894572;6.769737;-4.311507;,
   13.420459;6.769737;-4.579663;,
   14.976584;6.769737;-4.273087;,
   16.032646;6.769737;-3.338803;,
   16.145878;6.769736;0.537471;,
   15.401772;6.769735;2.303150;,
   15.615366;6.043075;2.630910;,
   14.531130;5.921768;2.968268;,
   14.615124;6.043075;3.223222;,
   13.425526;6.043075;3.354273;,
   13.421928;5.921768;3.072762;,
   12.025339;6.854681;-4.032962;,
   13.416180;6.854681;-4.244606;,
   14.833338;6.854681;-3.997959;,
   15.796124;6.854681;-3.114064;,
   15.899289;6.854680;0.417583;,
   15.221339;6.854680;2.026281;,
   14.396806;6.854680;2.560552;,
   14.496777;6.769734;2.863996;,
   13.420459;6.769734;2.957631;,
   13.416180;6.854680;2.622574;,
   11.523305;6.854680;2.026281;,
   12.373043;6.854680;2.584816;,
   11.523309;10.526353;2.026282;,
   12.373046;10.526353;2.584817;,
   13.416182;10.526353;2.622575;,
   13.416180;6.854680;2.622574;,
   14.396806;6.854680;2.560552;,
   14.396808;10.526353;2.560553;,
   15.221339;10.526353;2.026282;,
   15.221339;6.854680;2.026281;,
   15.899289;6.854680;0.417583;,
   15.899294;10.526353;0.417584;,
   15.796124;6.854681;-3.114064;,
   15.796130;10.526354;-3.114063;,
   14.709054;10.526354;-3.630454;,
   14.833338;6.854681;-3.997959;,
   13.416180;6.854681;-4.244606;,
   13.416183;10.526354;-4.244605;,
   12.152064;10.526354;-3.665458;,
   12.025339;6.854681;-4.032962;,
   10.948520;6.854681;-3.114064;,
   10.948520;10.526354;-3.114063;,
   10.845355;6.854680;0.417583;,
   10.845358;10.526353;0.417584;,
   11.523305;6.854680;2.026281;,
   11.523309;10.526353;2.026282;,
   16.666176;0.946147;2.686649;,
   17.218441;0.948057;1.067812;,
   16.865940;2.782320;0.969346;,
   16.499718;2.773916;2.686650;,
   15.192148;0.946146;3.301212;,
   15.100185;2.773916;3.252156;,
   13.439073;0.946146;3.458730;,
   13.435708;2.773916;3.351331;,
   11.727688;2.773916;3.278540;,
   11.644050;0.946146;3.330920;,
   10.244927;2.773916;2.686650;,
   10.078453;0.946147;2.686649;,
   9.883987;2.782320;0.969346;,
   9.525771;0.948057;1.067812;,
   15.463771;5.921768;2.398289;,
   14.531130;5.921768;2.968268;,
   13.421928;5.921768;3.072762;,
   12.251657;5.921768;2.994954;,
   11.280873;5.921768;2.398289;,
   10.514035;5.921768;0.578668;,
   9.875741;3.116013;0.526504;,
   9.875741;3.247172;-0.045609;,
   9.875741;3.118013;-0.661274;,
   9.883987;2.765505;-1.155526;,
   10.630726;5.921769;-3.416026;,
   10.624280;2.773917;-8.799669;,
   9.576759;0.997949;-1.624194;,
   10.450439;1.000534;-9.842180;,
   11.855493;2.773918;-10.262024;,
   11.907644;1.000534;-11.305112;,
   13.435708;2.773918;-10.621617;,
   13.438190;1.000535;-11.665312;,
   16.230610;5.921768;0.578668;,
   16.863163;3.116013;0.526504;,
   16.863163;3.247172;-0.045609;,
   16.863163;3.118014;-0.661272;,
   16.865940;2.765506;-1.155526;,
   16.113918;5.921769;-3.416026;,
   16.120365;2.773917;-8.799669;,
   15.025807;5.921769;-4.367625;,
   15.042563;2.773918;-10.399602;,
   13.421928;5.921769;-4.694794;,
   11.849640;5.921769;-4.407218;,
   17.163082;0.997949;-1.624194;,
   16.294273;1.000534;-9.844551;,
   14.989714;1.000535;-11.443941;,
   9.883987;2.765505;-1.155526;,
   9.576759;0.997949;-1.624194;,
   11.458894;0.997949;-1.382062;,
   11.616197;2.765505;-0.997703;,
   9.875741;3.118013;-0.661274;,
   11.609274;3.118019;-0.592360;,
   9.875741;3.247172;-0.045609;,
   11.609274;3.247172;-0.087449;,
   11.609274;3.116013;0.381748;,
   9.875741;3.116013;0.526504;,
   11.616197;2.782326;0.744926;,
   9.883987;2.782320;0.969346;,
   11.434289;0.948063;0.825679;,
   9.525771;0.948057;1.067812;,
   13.435752;0.997949;-1.458629;,
   13.435585;2.765506;-1.047610;,
   13.430054;3.118013;-0.614154;,
   13.430054;3.247172;-0.074218;,
   13.430054;3.116013;0.427523;,
   13.435585;2.782320;0.815893;,
   13.438861;0.948063;0.902246;,
   15.299075;2.765500;-0.997703;,
   15.295041;3.118020;-0.592359;,
   15.295041;3.247172;-0.087449;,
   15.295041;3.116013;0.381748;,
   15.299075;2.782320;0.744926;,
   15.492060;0.948063;0.825679;,
   16.865940;2.782320;0.969346;,
   17.218441;0.948057;1.067812;,
   15.460570;0.997949;-1.382062;,
   16.865940;2.765506;-1.155526;,
   16.863163;3.118014;-0.661272;,
   16.863163;3.247172;-0.045609;,
   16.863163;3.116013;0.526504;,
   17.163082;0.997949;-1.624194;,
   15.590141;0.874785;0.665414;,
   15.492060;0.948063;0.825679;,
   17.218441;0.948057;1.067812;,
   13.438861;0.883075;0.655736;,
   13.438861;0.948063;0.902246;,
   11.434289;0.948063;0.825679;,
   11.341805;0.875260;0.661425;,
   9.525771;0.948057;1.067812;,
   9.345236;0.867811;0.944460;,
   9.870837;0.855640;2.849289;,
   10.078453;0.946147;2.686649;,
   11.538227;0.858084;3.552904;,
   11.644050;0.946146;3.330920;,
   13.440168;0.860637;3.743041;,
   13.439073;0.946146;3.458730;,
   15.192148;0.946146;3.301212;,
   15.306036;0.857909;3.519327;,
   16.666176;0.946147;2.686649;,
   16.874897;0.855610;2.849101;,
   17.398987;0.867805;0.944421;,
   17.375935;0.082428;0.894366;,
   15.577427;0.082241;0.624362;,
   13.438440;0.082037;0.611838;,
   11.353389;0.082235;0.620373;,
   9.368248;0.082428;0.894405;,
   9.890542;0.082686;2.849289;,
   11.548127;0.082625;3.552904;,
   13.439769;0.082565;3.743041;,
   15.295150;0.082625;3.519327;,
   16.855194;0.082686;2.849101;,
   13.438190;1.000535;-11.665312;,
   14.989714;1.000535;-11.443941;,
   13.441035;0.969332;-12.001280;,
   15.133804;0.957954;-11.695378;,
   15.145753;0.081469;-11.839849;,
   13.441521;0.081168;-12.145746;,
   11.765040;0.081439;-11.706377;,
   11.775809;0.958747;-11.561915;,
   11.907644;1.000534;-11.305112;,
   10.190377;0.948666;-10.023616;,
   10.450439;1.000534;-9.842180;,
   9.576759;0.997949;-1.624194;,
   9.377189;0.907111;-1.451339;,
   11.356659;0.898232;-1.160787;,
   11.458894;0.997949;-1.382062;,
   13.435752;0.888903;-1.132694;,
   13.435752;0.997949;-1.458629;,
   15.460570;0.997949;-1.382062;,
   15.568991;0.898695;-1.165784;,
   17.163082;0.997949;-1.624194;,
   16.557125;0.948390;-10.024913;,
   16.578712;0.081715;-10.169387;,
   15.583067;0.082914;-1.215237;,
   13.435358;0.083167;-1.185576;,
   11.342134;0.082932;-1.210238;,
   10.168891;0.081703;-10.168071;,
   9.349211;0.082704;-1.511639;,
   17.362667;0.906937;-1.451229;,
   16.294273;1.000534;-9.844551;,
   17.388912;0.082704;-1.511530;,
   -38.069794;92.490143;19.180708;,
   -47.267788;90.095963;17.288979;,
   -37.682884;82.132187;18.585670;,
   -47.051445;82.705368;17.218206;,
   -47.330551;76.606735;11.795711;,
   -52.604839;77.230774;12.716843;,
   -52.515064;78.625381;1.735066;,
   -47.328350;78.020920;1.991865;,
   -37.975243;75.597878;1.861108;,
   -46.610390;83.723671;-9.457638;,
   -37.140392;82.941376;-11.221495;,
   -46.985645;89.762917;-9.796683;,
   -37.725624;91.634048;-11.665973;,
   -39.958115;99.462036;-8.416307;,
   -48.836990;95.463234;-7.004229;,
   -49.618420;99.475403;-2.724530;,
   -40.788570;103.312767;-3.372072;,
   -41.561657;104.649933;4.649779;,
   -50.218445;100.242691;4.423629;,
   -49.369858;96.785683;13.914997;,
   -40.631413;100.635513;15.426855;,
   -51.920086;83.158897;18.729239;,
   -70.358063;84.248863;18.724661;,
   -70.757133;77.307724;13.599083;,
   -70.704803;77.732651;2.938762;,
   -70.040718;82.614014;-9.918705;,
   -51.375515;84.341957;-11.062393;,
   -51.669338;90.215317;18.823069;,
   -70.211937;91.822853;18.064909;,
   -51.369869;90.026749;-11.417668;,
   -53.048992;95.674118;-8.318861;,
   -53.703430;100.023773;-3.597954;,
   -54.292500;100.685822;4.451667;,
   -53.543694;96.948715;15.086593;,
   -51.669338;90.215317;18.823069;,
   -47.267788;90.095963;17.288979;,
   -38.069794;92.490143;19.180708;,
   -70.037422;88.673775;-10.862655;,
   -71.015953;95.030006;-8.496251;,
   -71.397346;100.153099;-4.439258;,
   -71.740631;101.647285;3.195824;,
   -71.304253;98.677269;13.772958;,
   -70.211937;91.822853;18.064909;,
   0.001838;33.158539;7.709088;,
   0.001838;27.611715;4.684437;,
   6.816558;28.824326;4.617531;,
   7.779353;33.775833;5.242942;,
   10.631870;28.846684;3.552023;,
   11.347551;33.346897;4.460308;,
   10.211638;35.606850;0.831099;,
   12.009974;35.045914;0.568498;,
   11.720596;33.967896;-3.918766;,
   8.625372;34.282970;-4.303683;,
   10.592479;30.498384;-3.750848;,
   7.579975;30.123672;-3.942442;,
   0.001838;30.111992;-5.901198;,
   0.001838;35.658810;-8.962029;,
   10.479565;42.051861;-7.809297;,
   0.001838;42.261909;-11.011292;,
   -10.475889;42.051861;-7.809297;,
   -8.623562;34.282955;-4.303683;,
   -7.578286;30.123590;-3.942442;,
   -10.592478;30.498377;-3.750848;,
   -11.720600;33.967892;-3.918766;,
   -10.209803;35.606850;0.831099;,
   13.989305;31.959223;3.177251;,
   14.124985;33.309029;0.272164;,
   13.891900;32.598408;-3.036204;,
   14.268744;30.222729;-3.057796;,
   15.360563;29.042442;-0.199151;,
   14.467163;28.521082;2.151671;,
   8.832168;23.462683;-5.934512;,
   -6.814776;28.824286;4.617531;,
   0.001838;27.611715;4.684437;,
   0.001838;33.158539;7.709088;,
   -7.777551;33.775814;5.242942;,
   -10.631865;28.846680;3.552023;,
   -11.347550;33.346889;4.460308;,
   -12.009965;35.045906;0.568498;,
   -13.891898;32.598400;-3.036204;,
   -14.124984;33.309021;0.272164;,
   -14.268749;30.222723;-3.057796;,
   -15.360557;29.042437;-0.199151;,
   -13.989301;31.959217;3.177251;,
   -14.467165;28.521076;2.151671;,
   0.001838;27.611715;4.684437;,
   -6.814776;28.824286;4.617531;,
   -6.274534;29.393190;-0.059413;,
   0.001838;27.803038;-0.630946;,
   6.276315;29.393227;-0.059413;,
   -14.268749;30.222723;-3.057796;,
   -15.374100;23.311275;-4.912436;,
   -15.360557;29.042437;-0.199151;,
   -16.804001;21.721376;-1.420046;,
   -14.971181;21.771599;1.869754;,
   -14.467165;28.521076;2.151671;,
   -11.572864;21.829416;1.507271;,
   -10.631865;28.846680;3.552023;,
   -101.708374;93.448868;0.302379;,
   -108.405846;92.411797;0.194143;,
   -102.995224;91.663490;1.258432;,
   -108.551300;90.369080;0.860503;,
   -110.142059;92.026917;0.204414;,
   -110.325043;90.105705;0.687605;,
   -108.917542;88.100555;0.638481;,
   -110.541901;87.666588;0.508743;,
   -110.231102;86.886063;-1.403661;,
   -108.431122;87.273354;-1.276461;,
   -109.661438;87.251457;-2.917971;,
   -107.790794;87.479103;-2.886876;,
   -108.703415;89.490616;-3.838969;,
   -103.130989;89.725235;-4.177211;,
   -108.490471;91.125748;-3.772239;,
   -110.208199;91.160446;-3.441647;,
   -109.831261;92.148697;-1.720546;,
   -107.919434;92.463882;-2.013131;,
   -103.132843;91.060471;-4.291276;,
   -102.912735;92.482941;-2.392473;,
   -108.405846;92.411797;0.194143;,
   -101.708374;93.448868;0.302379;,
   -116.349670;89.865517;-0.274826;,
   -116.666710;87.951035;0.005181;,
   -116.349670;86.226563;-0.194875;,
   -116.666710;85.752724;-2.155335;,
   -116.349670;86.226563;-3.537010;,
   -110.443893;89.456558;-3.672283;,
   -116.349670;89.865517;-3.616962;,
   -116.666710;90.432938;-2.155334;,
   -116.349670;89.865517;-0.274826;,
   -110.142059;92.026917;0.204414;,
   -116.666710;87.951035;-4.080540;,
   -117.526581;89.154083;-0.903888;,
   -117.721596;89.505722;-2.118694;,
   -117.891663;87.986015;-2.119276;,
   -117.722450;87.932198;-0.732280;,
   -116.666710;87.951035;0.005181;,
   -117.525345;89.157082;-3.075023;,
   -117.721077;87.931366;-3.361003;,
   -117.525536;86.974747;-3.025530;,
   -117.721931;86.684692;-2.119789;,
   -117.527054;86.979424;-0.856899;,
   -116.349670;86.226563;-0.194875;,
   -116.666710;85.752724;-2.155335;,
   -116.349670;86.226563;-3.537010;,
   -116.666710;87.951035;-4.080540;,
   -103.130989;89.725235;-4.177211;,
   -103.243393;88.922401;-4.509261;,
   -101.844391;87.798531;-2.693133;,
   -103.829216;89.392952;0.981691;,
   -102.792755;88.582939;-1.021366;,
   -98.947769;88.750084;1.034871;,
   -98.947777;88.064430;-0.939978;,
   -98.955727;87.486115;-2.191562;,
   -96.813034;87.491653;-1.593627;,
   -99.030701;85.647057;-2.864510;,
   -100.426765;85.617722;-2.725680;,
   -102.995224;91.663490;1.258432;,
   -108.551300;90.369080;0.860503;,
   -103.829216;89.392952;0.981691;,
   -108.917542;88.100555;0.638481;,
   -108.431122;87.273354;-1.276461;,
   -102.792755;88.582939;-1.021366;,
   -107.790794;87.479103;-2.886876;,
   -101.844391;87.798531;-2.693133;,
   -103.130989;89.725235;-4.177211;,
   -103.132843;91.060471;-4.291276;,
   -108.490471;91.125748;-3.772239;,
   -102.339592;88.821915;-5.851655;,
   -103.243393;88.922401;-4.509261;,
   -98.970512;91.237228;-4.149302;,
   -102.912735;92.482941;-2.392473;,
   -98.925156;92.769981;-1.842941;,
   -101.708374;93.448868;0.302379;,
   -102.362488;92.008316;10.855769;,
   -98.843224;92.784859;10.523693;,
   -98.924301;94.075821;8.115213;,
   -98.683601;91.469017;12.107474;,
   -94.999557;91.229645;10.945792;,
   -98.006210;86.490021;10.919174;,
   -103.107796;86.626640;11.428222;,
   -98.006210;87.556664;9.521624;,
   -102.255447;86.685066;13.189084;,
   -98.006210;86.534828;12.207928;,
   -98.173958;88.057716;13.173405;,
   -101.909393;88.300613;13.701632;,
   -98.552078;90.422966;12.995409;,
   -94.999557;90.353172;11.754790;,
   -103.731163;88.572693;10.137990;,
   -109.201790;88.465851;9.979707;,
   -103.948578;88.298004;7.734446;,
   -109.242134;90.573280;10.253153;,
   -109.201797;92.187492;10.369384;,
   -110.765755;92.137688;10.303389;,
   -109.242134;90.573280;10.253153;,
   -110.840034;90.457153;10.255662;,
   -109.201790;88.465851;9.979707;,
   -110.765755;88.321434;9.904766;,
   -109.409355;88.140793;7.842072;,
   -103.948578;88.298004;7.734446;,
   -109.382294;89.307365;5.914907;,
   -110.906593;89.078079;6.013260;,
   -110.990974;91.136673;6.117693;,
   -109.435570;91.374352;6.055619;,
   -104.050430;90.122879;5.593349;,
   -103.994926;91.450356;5.809473;,
   -109.382286;93.334534;6.333466;,
   -102.681755;93.778015;5.827100;,
   -103.948578;93.449333;8.240349;,
   -109.409355;93.475014;8.384194;,
   -109.201797;92.187492;10.369384;,
   -110.765755;92.137688;10.303389;,
   -116.317856;90.814377;9.992115;,
   -116.512627;88.911674;10.215940;,
   -116.317856;87.483223;9.639712;,
   -110.970520;88.013535;7.871295;,
   -116.317856;87.938583;6.363391;,
   -116.512627;89.308052;6.299197;,
   -116.317856;91.269745;6.715795;,
   -110.906593;93.132713;6.434416;,
   -110.970528;93.279900;8.407001;,
   -116.317856;90.814377;9.992115;,
   -116.512627;91.367989;8.404089;,
   -117.477913;90.140457;9.286882;,
   -116.512627;88.911674;10.215940;,
   -117.591438;89.009834;9.393661;,
   -117.477943;88.310471;9.076752;,
   -116.317856;87.483223;9.639712;,
   -116.512627;87.321770;7.984088;,
   -117.591461;88.221016;8.080959;,
   -117.477966;88.585129;7.105527;,
   -116.317856;87.938583;6.363391;,
   -116.512627;89.308052;6.299197;,
   -116.512627;87.321770;7.984088;,
   -117.477943;90.413643;7.316222;,
   -117.591438;90.467010;8.330776;,
   -117.758705;89.174538;8.208590;,
   -117.591461;89.334663;7.056442;,
   -2.108709;70.495995;-32.482918;,
   -2.180428;72.157555;-31.656326;,
   -2.060899;71.851967;-33.182243;,
   17.614801;82.207977;-21.958939;,
   15.338731;79.265945;-25.051802;,
   13.948703;82.838264;-28.182632;,
   -13.945069;82.838264;-28.182632;,
   -15.335095;79.265945;-25.051802;,
   -17.611164;82.207977;-21.958939;,
   32.951420;82.941376;-11.221495;,
   20.518005;89.455826;-18.390026;,
   32.970322;91.634048;-11.665973;,
   20.553938;99.191154;-16.649359;,
   32.236046;99.355721;-8.416307;,
   19.158030;104.624107;-16.668388;,
   31.147953;106.161964;-3.372072;,
   17.089474;108.152534;-17.318363;,
   18.010519;113.971466;-10.366991;,
   22.239662;113.278175;1.255942;,
   17.762491;115.974380;-0.921033;,
   18.361712;111.100014;17.325586;,
   22.187016;108.420029;17.566269;,
   17.584349;107.382584;23.665916;,
   21.280046;104.363579;23.441002;,
   17.402210;102.636421;28.259056;,
   20.303143;98.899536;27.532629;,
   11.390809;95.988167;32.467354;,
   15.905724;92.137428;31.189627;,
   24.304802;93.531189;26.136312;,
   20.192928;85.704582;29.044678;,
   10.367546;78.445381;31.788469;,
   22.900600;77.349464;26.742931;,
   14.275924;112.503632;-18.289642;,
   15.437205;115.953041;-12.174947;,
   12.791019;118.035156;-1.706003;,
   12.760742;113.664574;17.367645;,
   12.239153;109.772957;23.918108;,
   11.677345;104.486450;28.737572;,
   0.001817;98.388100;32.878971;,
   0.001818;83.143272;32.577160;,
   6.543344;81.959991;32.384331;,
   12.236289;115.185486;-19.216473;,
   10.358878;117.664497;-12.826863;,
   0.001817;120.204315;-2.333251;,
   0.001817;115.986549;17.465155;,
   0.001817;111.941956;24.048077;,
   0.001817;106.490669;28.902498;,
   -11.673712;104.486450;28.737572;,
   -11.387176;95.988167;32.467354;,
   -6.539708;81.959991;32.384331;,
   -15.902087;92.137428;31.189627;,
   -10.363911;78.445381;31.788469;,
   -20.189291;85.704582;29.044678;,
   -22.896963;77.349464;26.742931;,
   8.211156;116.542007;-19.733183;,
   0.001816;119.465965;-13.347786;,
   -10.355247;117.664497;-12.826863;,
   -12.787386;118.035156;-1.706003;,
   -12.757109;113.664574;17.367645;,
   0.001816;117.969864;-20.146078;,
   -8.207522;116.542007;-19.733183;,
   -12.232656;115.185486;-19.216473;,
   -15.433573;115.953041;-12.174947;,
   -17.758858;115.974380;-0.921033;,
   -18.358078;111.100014;17.325586;,
   -12.235518;109.772957;23.918108;,
   0.001817;111.941956;24.048077;,
   -14.272292;112.503632;-18.289642;,
   -18.006886;113.971466;-10.366991;,
   -22.236029;113.278175;1.255942;,
   -22.183382;108.420029;17.566269;,
   -17.580715;107.382584;23.665916;,
   -17.085840;108.152534;-17.318363;,
   -31.144318;106.161964;-3.372072;,
   -19.154396;104.624107;-16.668388;,
   -32.232414;99.355721;-8.416307;,
   -20.550303;99.191154;-16.649359;,
   -32.966690;91.634048;-11.665973;,
   -20.514370;89.455826;-18.390026;,
   -32.947788;82.941376;-11.221495;,
   -21.276415;104.363579;23.441002;,
   -17.398577;102.636421;28.259056;,
   -20.299509;98.899536;27.532629;,
   -24.301163;93.531189;26.136312;,
   0.000016;87.569099;-34.654560;,
   0.000016;87.429626;-33.226898;,
   -3.318363;87.983330;-33.240189;,
   -4.066901;88.647888;-35.527946;,
   0.000017;87.768555;-38.320210;,
   -4.575836;88.716652;-38.661922;,
   0.000017;87.710030;-43.153118;,
   -5.168048;88.506058;-43.153118;,
   -4.764543;87.283371;-48.373901;,
   0.000017;86.627869;-48.522102;,
   -4.412745;86.217361;-52.925674;,
   0.000017;85.684380;-53.203083;,
   4.412780;86.217361;-52.925674;,
   4.764578;87.283371;-48.373901;,
   0.000017;87.710030;-43.153118;,
   5.168083;88.506058;-43.153118;,
   4.575871;88.716652;-38.661922;,
   0.000017;87.768555;-38.320210;,
   4.066934;88.647888;-35.527946;,
   0.000016;87.569099;-34.654560;,
   -5.935210;88.442253;-32.911110;,
