xof 0303txt 0032
template VertexDuplicationIndices {
 <b8d65549-d7c9-4995-89cf-53a9a8b031e3>
 DWORD nIndices;
 DWORD nOriginalVertices;
 array DWORD indices[nIndices];
}

template EffectParamDWord {
 <e13963bc-ae51-4c5d-b00f-cfa3a9d97ce5>
 STRING ParamName;
 DWORD Value;
}

template FVFData {
 <b6e70a0e-8ef9-4e83-94ad-ecc8b0c04897>
 DWORD dwFVF;
 DWORD nDWords;
 array DWORD data[nDWords];
}

template EffectFloats {
 <f1cfe2b3-0de3-4e28-afa1-155a750a282d>
 DWORD nFloats;
 array FLOAT Floats[nFloats];
}

template EffectString {
 <d55b097e-bdb6-4c52-b03d-6051c89d0e42>
 STRING Value;
}

template EffectDWord {
 <622c0ed0-956e-4da9-908a-2af94f3ce716>
 DWORD Value;
}

template EffectInstance {
 <e331f7e4-0559-4cc2-8e99-1cec1657928f>
 STRING EffectFilename;
 [...]
}

template AnimTicksPerSecond {
 <9e415a43-7ba6-4a73-8743-b73d47e88476>
 DWORD AnimTicksPerSecond;
}

template VertexElement {
 <f752461c-1e23-48f6-b9f8-8350850f336f>
 DWORD Type;
 DWORD Method;
 DWORD Usage;
 DWORD UsageIndex;
}

template DeclData {
 <bf22e553-292c-4781-9fea-62bd554bdd93>
 DWORD nElements;
 array VertexElement Elements[nElements];
 DWORD nDWords;
 array DWORD data[nDWords];
}

template EffectParamFloats {
 <3014b9a0-62f5-478c-9b86-e4ac9f4e418b>
 STRING ParamName;
 DWORD nFloats;
 array FLOAT Floats[nFloats];
}

template EffectParamString {
 <1dbc4c88-94c1-46ee-9076-2c28818c9481>
 STRING ParamName;
 STRING Value;
}


AnimTicksPerSecond {
 4800;
}

Frame {
 

 FrameTransformMatrix {
  1.000000,0.000000,0.000000,0.000000,0.000000,1.000000,0.000000,0.000000,0.000000,0.000000,1.000000,0.000000,0.000000,0.000000,0.000000,1.000000;;
 }

 Frame Pengo01 {
  

  FrameTransformMatrix {
   0.402919,-0.000001,-0.915236,0.000000,-0.083784,0.995801,-0.036886,0.000000,0.911393,0.091544,0.401227,0.000000,0.000000,12.332913,0.000000,1.000000;;
  }

  Frame Pengo01-Pelvis {
   

   FrameTransformMatrix {
    0.000000,1.000000,0.000002,0.000000,-0.000002,-0.000002,1.000000,0.000000,1.000000,-0.000000,0.000002,0.000000,0.000000,0.000000,0.000000,1.000000;;
   }

   Frame Pengo01-Spine {
    

    FrameTransformMatrix {
     0.993345,-0.049764,-0.103875,0.000000,0.047649,0.998605,-0.022750,0.000000,0.104862,0.017649,0.994330,0.000000,4.842269,0.000007,-0.006290,1.000000;;
    }

    Frame Pengo01-Spine1 {
     

     FrameTransformMatrix {
      0.986613,0.007133,0.162921,0.000000,0.008958,0.995164,-0.097818,0.000000,-0.162831,0.097968,0.981778,0.000000,7.921988,-0.000055,-0.006301,1.000000;;
     }

     Frame Pengo01-Spine2 {
      

      FrameTransformMatrix {
       0.994044,0.007124,0.108750,0.000000,-0.004889,0.999772,-0.020803,0.000000,-0.108873,0.020147,0.993851,0.000000,7.921919,0.000000,-0.006304,1.000000;;
      }

      Frame Pengo01-Neck {
       

       FrameTransformMatrix {
        0.982212,0.174906,0.068320,0.000000,-0.156460,0.963491,-0.217268,0.000000,-0.103828,0.202714,0.973718,0.000000,7.921742,-0.000031,-0.002106,1.000000;;
       }

       Frame Pengo01-Head {
        

        FrameTransformMatrix {
         0.983734,-0.112479,0.140054,0.000000,0.077315,0.968898,0.235070,0.000000,-0.162139,-0.220418,0.961835,0.000000,2.645300,0.000000,-0.000001,1.000000;;
        }

        Frame Pengo01-Top-Beak {
         

         FrameTransformMatrix {
          -0.580501,-0.000001,0.814259,0.000000,-0.000000,1.000000,0.000001,0.000000,-0.814259,0.000000,-0.580501,0.000000,13.274116,0.000019,10.342063,1.000000;;
         }
        }

        Frame Pengo01-Lower-Beak {
         

         FrameTransformMatrix {
          -0.479149,0.000001,0.877734,0.000000,-0.000001,1.000000,-0.000001,0.000000,-0.877734,-0.000001,-0.479149,0.000000,6.591350,0.000018,10.909452,1.000000;;
         }
        }
       }

       Frame Pengo01-L-Clavicle {
        

        FrameTransformMatrix {
         -0.054636,0.980448,-0.189042,0.000000,0.989410,0.027662,-0.142488,0.000000,-0.134472,-0.194825,-0.971576,0.000000,-0.041025,3.219149,0.048379,1.000000;;
        }

        Frame Pengo01-L-UpperArm {
         

         FrameTransformMatrix {
          0.338135,-0.495962,-0.799804,0.000000,0.664310,0.727765,-0.170439,0.000000,0.666601,-0.473687,0.575556,0.000000,11.538709,-0.000002,0.000001,1.000000;;
         }

         Frame Pengo01-L-Forearm {
          

          FrameTransformMatrix {
           0.684097,0.000000,-0.729391,0.000000,0.000000,1.000000,0.000000,0.000000,0.729391,0.000000,0.684097,0.000000,18.137901,-0.000002,-0.000000,1.000000;;
          }

          Frame Pengo01-L-Hand {
           

           FrameTransformMatrix {
            0.999318,-0.026231,0.025971,0.000000,-0.031894,-0.967788,0.249737,0.000000,0.018583,-0.250395,-0.967965,0.000000,7.488924,0.000004,0.000004,1.000000;;
           }

           Frame Pengo01-L-Finger0 {
            

            FrameTransformMatrix {
             0.701049,-0.680005,-0.214766,0.000000,0.572379,0.716202,-0.399296,0.000000,0.425339,0.156998,0.891313,0.000000,3.903211,-2.318741,-0.001846,1.000000;;
            }

            Frame Pengo01-L-Finger01 {
             

             FrameTransformMatrix {
              0.906135,0.000148,-0.422988,0.000000,-0.000134,1.000000,0.000063,0.000000,0.422988,-0.000001,0.906135,0.000000,1.636951,-0.000004,0.000001,1.000000;;
             }
            }
           }

           Frame Pengo01-L-Finger1 {
            

            FrameTransformMatrix {
             0.452032,0.017626,0.891828,0.000000,-0.091217,0.995477,0.026560,0.000000,-0.887326,-0.093356,0.451595,0.000000,5.576017,0.000006,0.000001,1.000000;;
            }

            Frame Pengo01-L-Finger11 {
             

             FrameTransformMatrix {
              0.746591,-0.000064,0.665284,0.000000,0.000049,1.000000,0.000042,0.000000,-0.665284,0.000001,0.746591,0.000000,2.180130,-0.000004,-0.000000,1.000000;;
             }
            }
           }
          }
         }
        }
       }

       Frame Pengo01-R-Clavicle {
        

        FrameTransformMatrix {
         -0.368339,-0.747627,-0.552612,0.000000,-0.929654,0.301507,0.211746,0.000000,0.008309,0.591733,-0.806091,0.000000,0.041027,-3.219149,-0.044166,1.000000;;
        }

        Frame Pengo01-R-UpperArm {
         

         FrameTransformMatrix {
          0.507896,0.573960,-0.642348,0.000000,0.178221,0.659539,0.730237,0.000000,0.842780,-0.485364,0.232686,0.000000,11.538707,-0.000002,0.000000,1.000000;;
         }

         Frame Pengo01-R-Forearm {
          

          FrameTransformMatrix {
           0.249366,0.000000,-0.968409,0.000000,0.000000,1.000000,0.000000,0.000000,0.968409,0.000000,0.249366,0.000000,18.137901,-0.000001,0.000001,1.000000;;
          }

          Frame Pengo01-R-Hand {
           

           FrameTransformMatrix {
            0.889100,0.397055,-0.227701,0.000000,0.252368,-0.840281,-0.479830,0.000000,-0.381852,0.369153,-0.847299,0.000000,7.488918,0.000002,-0.000001,1.000000;;
           }

           Frame Pengo01-R-Finger0 {
            

            FrameTransformMatrix {
             0.756368,0.486986,0.436753,0.000000,-0.653648,0.536594,0.533676,0.000000,0.025534,-0.689138,0.724180,0.000000,3.903212,2.318741,-0.001847,1.000000;;
            }

            Frame Pengo01-R-Finger01 {
             

             FrameTransformMatrix {
              0.950108,0.000000,0.311921,0.000000,-0.000000,1.000000,0.000000,0.000000,-0.311921,-0.000000,0.950108,0.000000,1.636957,-0.000005,-0.000002,1.000000;;
             }
            }
           }

           Frame Pengo01-R-Finger1 {
            

            FrameTransformMatrix {
             0.962075,-0.104844,0.251831,0.000000,0.112236,0.993566,-0.015132,0.000000,-0.248624,0.042822,0.967653,0.000000,5.576016,-0.000002,0.000002,1.000000;;
            }

            Frame Pengo01-R-Finger11 {
             

             FrameTransformMatrix {
              0.929210,-0.000000,0.369553,0.000000,-0.000000,1.000000,0.000002,0.000000,-0.369553,-0.000002,0.929210,0.000000,2.180134,0.000003,-0.000001,1.000000;;
             }
            }
           }

           Frame Pengo01-Prop01 {
            

            FrameTransformMatrix {
             -0.404815,0.828562,-0.386794,0.000000,0.152584,0.478282,0.864849,0.000000,0.901578,0.291086,-0.320041,0.000000,2.833160,-4.697038,10.295020,1.000000;;
            }
           }
          }
         }
        }
       }
      }
     }
    }

    Frame Pengo01-L-Thigh {
     

     FrameTransformMatrix {
      -0.994561,-0.051325,-0.090630,0.000000,0.052760,-0.998515,-0.013505,0.000000,-0.089802,-0.018213,0.995793,0.000000,-4.829911,8.904663,-0.345848,1.000000;;
     }

     Frame Pengo01-L-Calf {
      

      FrameTransformMatrix {
       0.966280,0.000000,-0.257492,0.000000,0.000000,1.000000,0.000000,0.000000,0.257492,0.000000,0.966280,0.000000,4.938722,0.000002,-0.000001,1.000000;;
      }

      Frame Pengo01-L-Foot {
       

       FrameTransformMatrix {
        0.730748,-0.189360,0.655858,0.000000,-0.236539,0.831000,0.503476,0.000000,-0.640356,-0.523050,0.562461,0.000000,2.351624,0.000001,0.000000,1.000000;;
       }

       Frame Pengo01-L-Toe0 {
        

        FrameTransformMatrix {
         -0.333840,0.016165,0.942491,0.000000,0.019225,0.999762,-0.010338,0.000000,-0.942434,0.014668,-0.334071,0.000000,5.456456,-0.000002,5.860403,1.000000;;
        }
       }
      }
     }
    }

    Frame Pengo01-R-Thigh {
     

     FrameTransformMatrix {
      -0.828178,0.291246,-0.478848,0.000000,-0.230405,-0.955765,-0.182828,0.000000,-0.510915,-0.041085,0.858649,0.000000,-4.829912,-8.904664,-0.345799,1.000000;;
     }

     Frame Pengo01-R-Calf {
      

      FrameTransformMatrix {
       0.999991,0.000000,-0.004270,0.000000,0.000000,1.000000,0.000002,0.000000,0.004270,-0.000002,0.999991,0.000000,4.938723,-0.000001,0.000000,1.000000;;
      }

      Frame Pengo01-R-Foot {
       

       FrameTransformMatrix {
        0.823981,0.378953,0.421249,0.000000,-0.205316,0.892605,-0.401375,0.000000,-0.528111,0.244236,0.813294,0.000000,2.351624,0.000001,0.000000,1.000000;;
       }

       Frame Pengo01-R-Toe0 {
        

        FrameTransformMatrix {
         0.000000,0.000000,1.000000,0.000000,-0.000000,1.000000,0.000000,0.000000,-1.000000,-0.000000,0.000000,0.000000,5.456456,0.000001,5.860404,1.000000;;
        }
       }
      }
     }
    }

    Frame Pengo01-Tail {
     

     FrameTransformMatrix {
      -0.345140,-0.000528,-0.938551,0.000000,-0.049734,0.998605,0.017727,0.000000,0.937232,0.052796,-0.344685,0.000000,-2.838842,-0.000045,-18.276628,1.000000;;
     }
    }
   }
  }
 }

 Frame MoonPenguin {
  

  FrameTransformMatrix {
   1.000000,0.000000,0.000000,0.000000,0.000000,1.000000,0.000000,0.000000,0.000000,0.000000,1.000000,0.000000,0.000000,0.000000,0.000000,1.000000;;
  }

  Mesh MoonPenguin {
   3119;
   -7.170038;51.891544;-13.301394;,
   0.233999;52.671223;-11.681896;,
   -7.534866;52.641312;-11.680570;,
   0.236617;51.920067;-13.302660;,
   7.643271;51.948586;-13.303926;,
   8.002864;52.701134;-11.683221;,
   0.245631;49.406548;-17.193552;,
   6.807633;49.431816;-17.194675;,
   0.248156;48.608913;-20.387489;,
   5.120970;48.627674;-20.388323;,
   0.249203;48.235748;-22.663998;,
   3.083840;48.246662;-22.664486;,
   0.250251;47.862576;-24.940504;,
   -2.585433;48.224831;-22.663513;,
   -4.624658;48.590145;-20.386656;,
   -6.316371;49.381279;-17.192430;,
   2.950643;49.220970;-23.039316;,
   3.083840;48.246662;-22.664486;,
   0.250251;47.862576;-24.940504;,
   4.122597;50.573570;-21.137859;,
   5.120970;48.627674;-20.388323;,
   5.181851;52.817654;-17.989378;,
   6.807633;49.431816;-17.194675;,
   7.643271;51.948586;-13.303926;,
   5.708585;54.819756;-14.175856;,
   8.002864;52.701134;-11.683221;,
   6.044238;55.344513;-11.737568;,
   3.366951;58.566483;-12.176047;,
   3.053715;57.027828;-15.701952;,
   0.205593;59.976116;-13.330894;,
   0.212318;58.049255;-17.379286;,
   -2.620554;57.005978;-15.700981;,
   -2.944422;58.542183;-12.174971;,
   -5.257819;54.777531;-14.173979;,
   -5.596672;55.299694;-11.735582;,
   -7.534866;52.641312;-11.680570;,
   1.551090;49.739861;-23.958681;,
   2.116999;51.724762;-22.593941;,
   2.742982;54.784546;-19.484600;,
   0.242401;49.905853;-24.834759;,
   0.234607;51.961864;-24.111767;,
   0.220493;55.761604;-21.083254;,
   -1.064671;49.729786;-23.958235;,
   -1.645383;51.710270;-22.593296;,
   -2.293849;54.765152;-19.483740;,
   -4.716986;52.779537;-17.987686;,
   -7.170038;51.891544;-13.301394;,
   -2.459872;49.200134;-23.038389;,
   -3.641558;50.543671;-21.136532;,
   -4.624658;48.590145;-20.386656;,
   -6.316371;49.381279;-17.192430;,
   -2.585433;48.224831;-22.663513;,
   6.231487;52.318085;-12.933454;,
   0.233510;52.798023;-11.684510;,
   7.010606;52.824116;-11.685667;,
   0.235234;52.294998;-12.932434;,
   -5.761020;52.271912;-12.931412;,
   -6.543587;52.771931;-11.683354;,
   4.238551;50.677418;-15.683802;,
   0.241053;50.662029;-15.683120;,
   -3.756446;50.646637;-15.682440;,
   2.244468;49.317139;-18.835979;,
   0.245724;49.309444;-18.835638;,
   -1.753019;49.301746;-18.835299;,
   1.246139;48.961182;-20.642433;,
   0.246773;48.957333;-20.642265;,
   -0.752593;48.953484;-20.642094;,
   0.248436;48.458916;-22.142744;,
   7.798921;50.778805;-11.643551;,
   6.231487;52.318085;-12.933454;,
   7.010606;52.824116;-11.685667;,
   7.590869;50.264637;-12.171786;,
   4.238551;50.677418;-15.683802;,
   5.627482;47.824780;-13.874426;,
   3.836522;46.840759;-16.923092;,
   2.244468;49.317139;-18.835979;,
   1.582835;47.584679;-20.396202;,
   1.246139;48.961182;-20.642433;,
   0.248436;48.458916;-22.142744;,
   0.978512;47.003319;-20.264090;,
   0.254945;46.862980;-20.004526;,
   -0.469769;46.997746;-20.263844;,
   -1.078597;47.574429;-20.395748;,
   -0.752593;48.953484;-20.642094;,
   -1.753019;49.301746;-18.835299;,
   -3.325305;46.813183;-16.921875;,
   -3.756446;50.646637;-15.682440;,
   5.192172;49.521107;-11.754818;,
   4.082956;46.943684;-13.436710;,
   3.061828;45.812881;-16.484186;,
   1.794988;45.265522;-16.325243;,
   0.263221;44.880795;-16.217836;,
   -1.271498;45.253716;-16.324720;,
   -2.542570;45.791306;-16.483232;,
   -3.571339;46.914215;-13.435408;,
   -5.122753;47.783386;-13.872595;,
   -7.104290;50.208057;-12.169284;,
   -5.761020;52.271912;-12.931412;,
   -7.316115;50.720612;-11.640970;,
   -6.543587;52.771931;-11.683354;,
   2.537148;46.389198;-13.216380;,
   0.258957;46.122868;-13.170648;,
   -2.021231;46.371647;-13.215605;,
   -4.699796;49.483025;-11.753132;,
   2.775653;48.957489;-11.605522;,
   0.249612;48.619492;-11.598320;,
   -2.278958;48.938026;-11.604660;,
   31.071478;32.955688;-1.572890;,
   34.140514;33.382004;1.180243;,
   33.224506;31.788033;-1.570341;,
   32.033268;34.571903;1.380990;,
   31.424416;32.459206;4.073960;,
   33.553417;31.335653;3.674928;,
   30.135302;29.192854;4.726979;,
   32.327885;28.177105;4.257770;,
   28.737045;26.046099;3.771842;,
   30.999140;25.125420;3.339340;,
   28.918480;34.123497;-1.573352;,
   29.926228;35.762009;1.584493;,
   29.296259;33.582439;4.475574;,
   27.943825;30.208275;5.198526;,
   26.475351;26.966806;4.207424;,
   27.339027;36.964375;1.811769;,
   26.450153;35.303082;-1.536850;,
   28.918480;34.123497;-1.573352;,
   25.192169;32.011002;-2.805178;,
   26.450153;35.303082;-1.536850;,
   27.447754;30.925665;-2.774808;,
   24.047438;28.580137;-2.314143;,
   22.029621;29.593906;-2.233453;,
   22.937994;33.095402;-2.836397;,
   31.071478;32.955688;-1.572890;,
   29.674709;29.851507;-2.688633;,
   26.072235;27.557039;-2.305003;,
   23.727081;26.799229;0.987117;,
   21.866074;27.924820;1.163466;,
   33.224506;31.788033;-1.570341;,
   31.901606;28.777422;-2.600377;,
   28.366304;26.585571;-2.232649;,
   25.588118;25.673611;0.811217;,
   30.660355;25.614155;-2.158297;,
   27.847460;24.649305;0.628142;,
   28.737045;26.046099;3.771842;,
   26.475351;26.966806;4.207424;,
   30.107342;23.624722;0.448003;,
   30.999140;25.125420;3.339340;,
   7.054076;0.243762;3.273951;,
   5.603175;1.733776;2.657211;,
   5.829134;0.258077;2.156226;,
   7.021120;1.713030;3.981756;,
   5.392841;3.542338;2.635044;,
   7.007971;3.754718;3.998497;,
   7.021735;5.797961;3.217895;,
   5.793964;5.392784;2.260531;,
   6.602711;5.542350;0.841854;,
   9.558510;0.248960;3.862425;,
   9.515017;1.692658;4.886968;,
   9.506692;3.777336;4.752989;,
   9.419662;5.904254;4.086241;,
   11.583522;5.826079;3.371926;,
   12.050582;3.785798;4.168764;,
   13.756598;3.593887;2.917451;,
   13.358769;5.439409;2.515961;,
   12.370146;5.813672;1.041439;,
   12.226777;5.324012;-1.330241;,
   13.498269;5.330939;-0.592002;,
   14.727899;5.121170;-3.533788;,
   13.040054;4.574141;-4.276810;,
   12.199202;4.409090;-4.553707;,
   9.737857;5.472128;-2.402556;,
   9.834652;4.897202;-4.918015;,
   7.461072;4.390071;-4.654492;,
   7.184167;5.292931;-1.500508;,
   12.063731;1.744113;4.152022;,
   12.096686;0.274845;3.444217;,
   13.567413;1.782864;2.926128;,
   13.393939;0.304704;2.411656;,
   15.259421;2.938266;0.707206;,
   14.768669;5.135686;0.215372;,
   16.225241;4.630423;-2.846731;,
   15.529989;4.190354;-6.547762;,
   13.703477;3.506199;-7.175552;,
   12.076346;3.367106;-7.713287;,
   9.860581;3.965181;-8.363613;,
   7.642346;3.363595;-7.724550;,
   6.037159;3.500130;-7.195026;,
   6.610063;4.549021;-4.409566;,
   4.887650;5.082730;-3.736954;,
   5.865777;5.283896;-0.849718;,
   5.793964;5.392784;2.260531;,
   6.602711;5.542350;0.841854;,
   14.801373;0.360928;0.118378;,
   16.790339;2.531755;-2.471441;,
   16.232792;0.440092;-2.822953;,
   17.138792;0.410233;-5.916356;,
   17.793470;2.026450;-6.008608;,
   17.136358;3.707255;-5.985719;,
   16.819979;3.018239;-7.984172;,
   15.172752;3.001837;-8.706177;,
   13.576752;1.982654;-7.942247;,
   12.384774;1.973925;-8.315271;,
   10.781308;2.858348;-10.187869;,
   9.867126;2.849158;-10.592498;,
   8.950754;2.856899;-10.192518;,
   7.339211;1.969933;-8.328088;,
   6.170177;1.976788;-7.961061;,
   4.551630;2.993429;-8.733155;,
   4.181622;4.181370;-6.576588;,
   3.367474;4.580194;-3.112198;,
   4.546429;5.072680;-0.129788;,
   4.050712;2.869181;0.328737;,
   5.392841;3.542338;2.635044;,
   5.603175;1.733776;2.657211;,
   16.821936;0.367666;-7.928410;,
   17.336914;1.978969;-8.249430;,
   15.174709;0.351260;-8.650414;,
   15.075454;1.955708;-9.275646;,
   13.705782;0.382586;-7.109838;,
   12.078559;0.370019;-7.650234;,
   10.965892;1.883507;-10.830572;,
   9.869471;1.874669;-11.212230;,
   8.771089;1.881768;-10.836147;,
   7.644558;0.366510;-7.661498;,
   6.039465;0.376517;-7.129311;,
   4.553587;0.342851;-8.677393;,
   4.653464;1.947457;-9.302119;,
   2.386904;1.967133;-8.287406;,
   2.900697;3.007220;-8.019530;,
   2.573090;3.695726;-6.022712;,
   2.742702;2.445171;-2.945767;,
   10.783185;0.316803;-10.134400;,
   9.869002;0.307613;-10.539029;,
   8.952631;0.315353;-10.139050;,
   2.902654;0.356647;-7.963766;,
   1.918789;2.013882;-6.048932;,
   2.575524;0.398704;-5.953350;,
   3.376230;0.378816;-3.152639;,
   4.579134;0.297926;-0.226782;,
   5.829134;0.258077;2.156226;,
   3.376230;0.378816;-3.152639;,
   2.575524;0.398704;-5.953350;,
   4.184422;0.388453;-6.496794;,
   2.902654;0.356647;-7.963766;,
   4.553587;0.342851;-8.677393;,
   6.039465;0.376517;-7.129311;,
   7.477306;0.413995;-4.676216;,
   7.232866;0.363172;-1.667721;,
   4.579134;0.297926;-0.226782;,
   5.829134;0.258077;2.156226;,
   7.054076;0.243762;3.273951;,
   9.754407;0.377086;-1.592032;,
   9.558510;0.248960;3.862425;,
   12.096686;0.274845;3.444217;,
   12.275830;0.391004;-1.516348;,
   13.393939;0.304704;2.411656;,
   14.801373;0.360928;0.118378;,
   16.232792;0.440092;-2.822953;,
   12.215047;0.436579;-4.554723;,
   13.705782;0.382586;-7.109838;,
   15.532789;0.397439;-6.467966;,
   17.138792;0.410233;-5.916356;,
   16.821936;0.367666;-7.928410;,
   15.174709;0.351260;-8.650414;,
   7.644558;0.366510;-7.661498;,
   9.854253;0.428364;-4.931234;,
   9.863245;0.354972;-8.287662;,
   12.078559;0.370019;-7.650234;,
   8.952631;0.315353;-10.139050;,
   9.869002;0.307613;-10.539029;,
   10.783185;0.316803;-10.134400;,
   -3.271002;0.195816;-2.739264;,
   -4.015430;0.194064;-6.218858;,
   -2.410092;0.170807;-5.665379;,
   -5.866331;0.220857;-6.862950;,
   -4.371182;0.191206;-8.402161;,
   -2.724858;0.167962;-7.678206;,
   -7.325908;0.253607;-4.382693;,
   -7.467933;0.244105;-7.405146;,
   -9.694380;0.289838;-4.707258;,
   -9.682466;0.276670;-8.045125;,
   -8.760638;0.254899;-9.891254;,
   -9.674428;0.267783;-10.296965;,
   -10.590958;0.283846;-9.897900;,
   -11.901366;0.314220;-7.421247;,
   -12.065095;0.328558;-4.399904;,
   -13.531667;0.342083;-6.890788;,
   -16.131485;0.399200;-2.785968;,
   -15.362342;0.373514;-6.260068;,
   -14.990942;0.359158;-8.440730;,
   -16.642357;0.388064;-7.728751;,
   -16.971495;0.401097;-5.718263;,
   -12.150608;5.292684;-1.324512;,
   -14.546006;5.051416;-3.456397;,
   -13.448405;5.329126;-0.634493;,
   -12.847010;4.479067;-4.154697;,
   -15.302299;4.166768;-6.274819;,
   -16.065254;4.583208;-2.802242;,
   -14.749640;5.165157;0.129575;,
   -12.002199;4.301990;-4.415358;,
   -13.482219;3.465976;-6.902937;,
   -14.948982;3.009970;-8.451039;,
   -16.600397;3.038879;-7.739061;,
   -16.919302;3.698416;-5.731086;,
   -16.695810;2.513376;-2.566174;,
   -15.279621;2.985020;0.656360;,
   -9.622404;5.392213;-2.306758;,
   -9.623626;4.759698;-4.724644;,
   -11.853920;3.311567;-7.432903;,
   -13.373360;1.953982;-7.694836;,
   -14.863678;1.972349;-9.037745;,
   -17.131100;2.012179;-8.025288;,
   -17.601318;2.028328;-5.786846;,
   -16.971495;0.401097;-5.718263;,
   -16.131485;0.399200;-2.785968;,
   -14.825227;0.389938;0.148148;,
   -7.263012;4.227042;-4.398147;,
   -7.420488;3.241455;-7.416802;,
   -9.625314;3.887198;-8.059166;,
   -10.550725;2.825614;-9.907786;,
   -12.179266;1.933661;-8.060575;,
   -11.901366;0.314220;-7.421247;,
   -13.531667;0.342083;-6.890788;,
   -14.990942;0.359158;-8.440730;,
   -16.642357;0.388064;-7.728751;,
   -7.105691;5.212899;-1.306191;,
   -6.415660;4.377355;-4.131340;,
   -5.816883;3.344748;-6.875098;,
   -5.967733;1.836866;-7.667941;,
   -7.134350;1.853878;-8.042253;,
   -8.720404;2.796667;-9.901139;,
   -9.634194;2.809556;-10.306850;,
   -10.745724;1.864761;-10.568233;,
   -10.590958;0.283846;-9.897900;,
   -9.647122;1.845916;-10.943196;,
   -9.674428;0.267783;-10.296965;,
   -8.760638;0.254899;-9.891254;,
   -8.551201;1.830056;-10.560262;,
   -7.467933;0.244105;-7.405146;,
   -5.866331;0.220857;-6.862950;,
   -4.371182;0.191206;-8.402161;,
   -4.443021;1.807549;-8.999900;,
   -2.183004;1.775779;-7.970999;,
   -2.724858;0.167962;-7.678206;,
   -4.703679;4.895759;-3.420653;,
   -3.955386;3.987318;-6.233611;,
   -4.329222;2.842021;-8.412470;,
   -2.682898;2.818775;-7.688515;,
   -1.728670;1.777301;-5.729200;,
   -2.410092;0.170807;-5.665379;,
   -2.641751;2.291115;-2.515135;,
   -3.271002;0.195816;-2.739264;,
   -4.598312;0.228200;0.185288;,
   -4.065787;2.807674;0.697084;,
   -3.204773;4.379820;-2.755537;,
   -4.522726;5.003421;0.166715;,
   -5.812424;5.208363;-0.606761;,
   -2.357898;3.468130;-5.678203;,
   -28.462996;34.877495;-1.201116;,
   -26.806507;37.727825;2.334602;,
   -26.025387;36.070114;-1.035228;,
   -29.405773;36.460728;2.003446;,
   -26.309931;35.291161;5.232873;,
   -24.881317;32.758820;-2.344857;,
   -28.462996;34.877495;-1.201116;,
   -26.025387;36.070114;-1.035228;,
   -27.064875;31.681942;-2.491992;,
   -23.821667;29.298939;-1.896682;,
   -25.746464;28.278997;-2.114939;,
   -23.379709;27.403002;1.130695;,
   -33.667244;34.167637;1.595711;,
   -30.637653;33.748936;-1.202380;,
   -32.991150;32.891575;-0.857240;,
   -31.536991;35.313831;1.798470;,
   -28.462996;34.877495;-1.201116;,
   -29.405773;36.460728;2.003446;,
   -28.782726;34.204796;4.837058;,
   -26.309931;35.291161;5.232873;,
   -25.231709;31.776693;5.888859;,
   -27.484461;30.791031;5.467459;,
   -24.062862;28.485159;4.746092;,
   -26.087467;27.546862;4.385975;,
   -29.699821;29.826450;4.999134;,
   -28.370565;26.677568;3.956830;,
   -31.915882;28.861702;4.532985;,
   -30.654116;25.808184;3.530070;,
   -30.935879;33.129757;4.435520;,
   -33.089581;32.054482;4.036316;,
   -26.087467;27.546862;4.385975;,
   -23.379709;27.403002;1.130695;,
   -24.062862;28.485159;4.746092;,
   -25.263100;26.315651;0.951292;,
   -25.746464;28.278997;-2.114939;,
   -28.057869;27.347540;-2.038151;,
   -29.310963;30.646282;-2.404554;,
   -27.064875;31.681942;-2.491992;,
   -30.637653;33.748936;-1.202380;,
   -28.462996;34.877495;-1.201116;,
   -28.370565;26.677568;3.956830;,
   -27.543034;25.336906;0.771859;,
   -30.532316;27.052382;-2.352484;,
   -31.800207;30.203070;-2.253778;,
   -32.991150;32.891575;-0.857240;,
   -30.654116;25.808184;3.530070;,
   -29.815916;24.733376;-0.120903;,
   -9.947480;31.699198;14.106574;,
   -13.129162;37.040409;9.855410;,
   -14.742741;31.948132;11.152903;,
   -19.866550;30.450327;3.188912;,
   -19.201754;32.009476;-0.985426;,
   -18.691683;31.985203;-1.167076;,
   -15.747944;36.747494;-2.904013;,
   -15.847747;31.612816;-8.953898;,
   18.766602;31.689901;6.483427;,
   17.384012;35.357536;7.394606;,
   16.477291;36.122879;7.772497;,
   19.034422;30.924122;5.241366;,
   18.766602;31.689901;6.483427;,
   20.407061;30.053635;2.650675;,
   19.988913;30.229013;2.654538;,
   19.539232;31.569220;6.864422;,
   19.988913;30.229013;2.654538;,
   19.474598;31.545044;-1.472621;,
   18.702723;31.865658;-0.989976;,
   20.407061;30.053635;2.650675;,
   18.702723;31.865658;-0.989976;,
   17.223789;36.035275;-2.719819;,
   16.134445;36.362408;-2.360064;,
   19.474598;31.545044;-1.472621;,
   18.957922;31.537027;-1.645271;,
   17.223789;36.035275;-2.719819;,
   19.474598;31.545044;-1.472621;,
   16.141918;36.319386;-3.243200;,
   15.913080;31.230032;-9.351398;,
   16.477291;36.122879;7.772497;,
   19.539232;31.569220;6.864422;,
   18.766602;31.689901;6.483427;,
   17.375395;36.170609;8.121738;,
   17.375395;36.170609;8.121738;,
   18.662231;31.600403;7.006367;,
   19.539232;31.569220;6.864422;,
   16.295233;36.510223;8.183379;,
   15.326184;31.596762;10.775463;,
   13.797456;36.714710;9.585864;,
   10.602133;31.470825;13.858619;,
   19.988913;30.229013;2.654538;,
   19.034422;30.924122;5.241366;,
   18.766602;31.689901;6.483427;,
   20.256113;30.182835;2.649506;,
   19.039577;31.532640;-1.324076;,
   19.301361;31.469822;-1.874697;,
   18.672255;35.160149;-2.753332;,
   22.937994;33.095402;-2.836397;,
   22.029621;29.593906;-2.233453;,
   18.702723;31.865658;-0.989976;,
   17.047937;35.756729;-2.576856;,
   18.680725;38.506248;-1.376526;,
   16.134445;36.362408;-2.360064;,
   2.856830;34.657463;-13.961739;,
   -0.063591;31.484102;-17.874611;,
   -0.060131;30.759197;-16.120161;,
   -0.041945;31.211918;-17.545456;,
   -3.753448;36.239227;-12.987058;,
   -0.022188;31.479446;-16.012671;,
   3.964489;36.149673;-13.061662;,
   -0.041945;31.211918;-17.545456;,
   -0.022188;31.479446;-16.012671;,
   -10.060091;36.444901;-11.462134;,
   -7.594018;40.978428;-9.718246;,
   -10.763116;33.518047;-14.185122;,
   -6.318792;39.357204;-11.984774;,
   -9.065334;32.335361;-16.217175;,
   -3.235017;35.477177;-15.481450;,
   -5.162576;30.538345;-18.447903;,
   -0.013103;32.785229;-16.911669;,
   7.991418;40.817642;-9.856586;,
   10.282622;36.191410;-11.669474;,
   10.799290;33.258591;-14.431277;,
   6.636983;39.219196;-12.102450;,
   9.030680;32.121853;-16.423038;,
   3.394218;35.403362;-15.543627;,
   4.942036;30.420519;-18.579906;,
   1.937805;32.043877;-16.910650;,
   -0.002598;32.200985;-15.335382;,
   1.943179;31.482149;-15.336181;,
   -0.013103;32.785229;-16.911669;,
   -3.235017;35.477177;-15.481450;,
   -2.707087;34.723721;-13.906914;,
   2.297586;33.304844;-15.484274;,
   1.019710;36.118374;-14.396872;,
   1.022443;36.131145;-13.900896;,
   2.281578;33.229149;-15.985256;,
   0.094759;35.983955;-14.658254;,
   1.968368;32.437382;-16.739229;,
   -0.071709;31.130333;-17.570568;,
   -2.001160;32.343445;-16.688845;,
   16.141918;36.319386;-3.243200;,
   15.913080;31.230032;-9.351398;,
   14.326757;36.117882;-7.454177;,
   10.176778;35.951092;-11.658465;,
   11.154699;31.234667;-14.436488;,
   4.348708;36.111202;-14.394346;,
   4.935630;31.001034;-17.740938;,
   10.602133;31.470825;13.858619;,
   13.797456;36.714710;9.585864;,
   9.484554;36.867641;11.044293;,
   4.708452;36.991722;12.110177;,
   5.320890;31.431461;15.159565;,
   0.352515;37.064476;12.375561;,
   0.342454;31.292561;15.628357;,
   -4.641152;31.535719;15.273824;,
   -4.004589;37.076122;12.184138;,
   -9.947480;31.699198;14.106574;,
   -8.791381;37.068668;11.214178;,
   -13.129162;37.040409;9.855410;,
   -15.847747;31.612816;-8.953898;,
   -15.747944;36.747494;-2.904013;,
   -14.028931;36.489319;-7.154074;,
   -9.961433;36.203239;-11.452473;,
   -11.204965;31.509813;-14.154893;,
   -4.154974;36.206905;-14.313962;,
   -5.026560;31.139277;-17.630758;,
   11.164336;31.021673;-13.104094;,
   4.530670;35.772484;-14.468469;,
   9.917737;35.979004;-11.000962;,
   4.886320;30.570070;-17.471653;,
   0.088710;35.653015;-14.686342;,
   -0.103601;30.424929;-17.851448;,
   -5.075758;30.685904;-17.341209;,
   -4.349904;35.873753;-14.383712;,
   -11.186210;31.290516;-12.831788;,
   -9.688516;36.224632;-10.800320;,
   7.709994;8.679161;-12.532314;,
   5.170627;7.401063;-4.538977;,
   4.202238;7.716034;-11.977452;,
   8.058136;7.506847;-5.514373;,
   11.004162;8.154394;-5.228171;,
   8.806086;6.294834;-3.490703;,
   11.155730;6.600788;-3.040997;,
   11.850658;8.245914;-0.999416;,
   11.629124;7.005578;-0.354516;,
   11.088863;7.114085;1.974298;,
   11.233032;8.226680;2.347795;,
   9.206776;7.058139;2.769837;,
   8.925758;7.875476;3.329478;,
   6.911049;6.843849;2.190340;,
   6.006294;7.576532;2.510357;,
   5.082198;7.378231;-0.595439;,
   10.462658;13.126069;-14.589288;,
   16.403725;12.626584;-5.752205;,
   18.630165;12.595889;1.849766;,
   16.774748;12.838710;8.499807;,
   10.757368;9.374668;7.263721;,
   7.994710;8.611324;7.768466;,
   5.393970;7.761554;8.276834;,
   -11.291223;6.674926;-2.715525;,
   -11.876053;8.328138;-0.628841;,
   -11.214653;8.253410;-4.822237;,
   4.006075;8.777002;-20.576775;,
   -0.355005;8.795822;-18.455797;,
   -0.403829;8.656146;-20.884472;,
   3.989408;8.914860;-18.083344;,
   11.236118;10.553843;-17.346910;,
   10.121164;10.629914;-15.416558;,
   16.814491;13.198390;-11.820014;,
   15.092499;13.228920;-10.842371;,
   -17.210396;13.339271;-11.144112;,
   -10.686496;10.716042;-15.003253;,
   -15.450742;13.355384;-10.235633;,
   -11.877994;10.649545;-16.887749;,
   -4.680065;8.950754;-17.911125;,
   -4.796882;8.813448;-20.401901;,
   -0.352847;8.801293;-18.348310;,
   -0.398330;8.673367;-20.611265;,
   -3.360655;9.380927;13.555354;,
   0.176776;7.614531;8.560324;,
   0.288619;9.382009;13.822069;,
   -5.046164;7.804776;8.484226;,
   -7.704994;9.354460;11.522182;,
   -7.657917;8.676137;8.079403;,
   -5.868365;7.567828;2.670859;,
   -8.733900;7.904339;3.631577;,
   -6.790863;6.811777;2.304984;,
   -5.102835;7.344382;-0.539991;,
   -9.462572;13.836875;15.555811;,
   -10.432030;9.462404;7.684645;,
   -11.080903;8.290370;2.753863;,
   -9.039726;7.072556;3.016248;,
   -6.169756;13.708851;16.615013;,
   -10.968741;7.169157;2.317838;,
   -11.876053;8.328138;-0.628841;,
   -18.486687;12.749576;2.587088;,
   -16.563728;12.763086;-5.097310;,
   -11.214653;8.253410;-4.822237;,
   -10.974366;13.214826;-14.163443;,
   -8.171134;8.763736;-12.132235;,
   -8.291518;7.584117;-5.215426;,
   -5.335087;7.423278;-4.362628;,
   -4.654532;7.766702;-11.731458;,
   -3.929966;9.035487;-15.041781;,
   -0.229844;7.469034;-11.878645;,
   -0.293693;9.009166;-15.413842;,
   3.354739;9.004900;-15.188422;,
   4.202238;7.716034;-11.977452;,
   7.709994;8.679161;-12.532314;,
   10.462658;13.126069;-14.589288;,
   -16.366692;12.975932;9.158158;,
   10.137511;13.755725;15.166458;,
   10.757368;9.374668;7.263721;,
   16.774748;12.838710;8.499807;,
   8.184089;9.288671;11.206546;,
   7.994710;8.611324;7.768466;,
   5.393970;7.761554;8.276834;,
   3.924288;9.350763;13.410641;,
   0.176776;7.614531;8.560324;,
   0.288619;9.382009;13.822069;,
   6.888412;13.654782;16.355616;,
   -5.102835;7.344382;-0.539991;,
   -6.626733;6.202878;-2.469856;,
   -5.335087;7.423278;-4.362628;,
   -8.291518;7.584117;-5.215426;,
   -8.976314;6.346966;-3.265720;,
   -11.214653;8.253410;-4.822237;,
   -11.291223;6.674926;-2.715525;,
   9.638454;44.742207;1.482000;,
   11.074476;44.659077;-0.707770;,
   9.609421;43.856136;-1.313485;,
   11.124337;44.005478;-2.791314;,
   9.480868;43.210373;-3.287787;,
   16.149792;40.868542;2.633769;,
   14.555434;39.985355;-1.354112;,
   14.768794;41.534397;2.627281;,
   14.724987;40.054062;6.546270;,
   14.768794;41.534397;2.627281;,
   15.894776;40.495998;6.878558;,
   14.724987;40.054062;6.546270;,
   15.964834;41.711979;2.626872;,
   14.555434;39.985355;-1.354112;,
   37.976505;30.462381;1.133851;,
   37.288425;29.435909;-1.321477;,
   36.300350;29.692604;-1.555496;,
   33.224506;31.788033;-1.570341;,
   34.140514;33.382004;1.180243;,
   33.553417;31.335653;3.674928;,
   36.732250;29.154602;3.135608;,
   37.324295;28.788237;2.898304;,
   38.739372;29.695440;0.991561;,
   41.018616;25.467487;1.728232;,
   36.466084;26.210300;3.288317;,
   40.129539;23.834591;1.784088;,
   39.348915;22.356323;1.100163;,
   35.157715;23.795315;2.111119;,
   34.541351;24.082008;2.675420;,
   35.543602;26.575958;3.447429;,
   30.999140;25.125420;3.339340;,
   32.327885;28.177105;4.257770;,
   36.300350;29.692604;-1.555496;,
   31.901606;28.777422;-2.600377;,
   33.224506;31.788033;-1.570341;,
   35.363007;27.423220;-2.406559;,
   34.249039;24.802839;-2.136135;,
   30.660355;25.614155;-2.158297;,
   30.107342;23.624722;0.448003;,
   33.644741;22.859262;-0.037725;,
   30.999140;25.125420;3.339340;,
   34.541351;24.082008;2.675420;,
   34.317406;22.919804;-0.660039;,
   35.157715;23.795315;2.111119;,
   37.288425;29.435909;-1.321477;,
   36.925751;26.901590;-2.352625;,
   35.138874;24.978485;-2.414086;,
   -5.781998;45.802212;7.293295;,
   0.328959;44.918488;4.244342;,
   -4.971821;44.943996;4.365613;,
   0.340438;45.780861;7.896976;,
   6.479702;45.742237;7.225362;,
   0.328959;44.918488;4.244342;,
   0.340438;45.780861;7.896976;,
   5.651514;44.872013;4.295524;,
   9.649913;45.698818;6.309367;,
   8.947058;44.823601;3.751557;,
   -8.040478;41.447605;-7.478320;,
   -10.272882;41.906219;-3.737408;,
   -7.207918;40.940041;-6.486650;,
   -4.154974;36.206905;-14.313962;,
   -3.753448;36.239227;-12.987058;,
   10.795066;41.657993;-3.941048;,
   8.487394;41.276985;-7.624883;,
   7.662572;40.785942;-6.617839;,
   4.348708;36.111202;-14.394346;,
   3.964489;36.149673;-13.061662;,
   2.869594;39.417248;-12.101462;,
   2.048164;41.418270;-9.105744;,
   3.506064;39.376381;-10.885601;,
   1.791361;40.886276;-10.878188;,
   0.226196;41.725441;-8.847434;,
   0.196520;41.218124;-11.386693;,
   -1.399386;40.915981;-10.852022;,
   -1.609189;41.450386;-9.077767;,
   -2.539580;39.472008;-12.054101;,
   -3.158505;39.445408;-10.826446;,
   0.163395;39.636101;-13.155613;,
   6.107000;43.974133;-11.563412;,
   0.205497;41.010689;-10.059359;,
   0.269248;43.404011;-14.204637;,
   5.323705;42.133698;-9.165531;,
   5.020190;41.004780;-9.997145;,
   4.530670;35.772484;-14.468469;,
   0.088710;35.653015;-14.686342;,
   -4.349904;35.873753;-14.383712;,
   -4.614515;41.097729;-9.915957;,
   -4.876621;42.225628;-9.084001;,
   -5.571820;43.929169;-11.561421;,
   10.467280;44.680820;-6.113756;,
   9.309915;42.700417;-6.266475;,
   8.767665;40.867260;-7.238660;,
   -9.935554;44.602268;-6.110276;,
   -8.807705;42.878063;-6.111593;,
   -8.324541;41.048798;-7.083948;,
   19.600212;30.797766;5.294344;,
   20.256113;30.182835;2.649506;,
   20.340124;30.080410;1.736438;,
   19.301361;31.469822;-1.874697;,
   22.029621;29.593906;-2.233453;,
   21.866074;27.924820;1.163466;,
   22.463732;28.942097;4.839168;,
   0.511814;28.861839;-19.472683;,
   -3.380522;27.750458;-19.768574;,
   -0.063591;31.484102;-17.874611;,
   -5.162576;30.538345;-18.447903;,
   -0.013103;32.785229;-16.911669;,
   -0.147880;28.681267;-18.927301;,
   1.840443;29.616714;-18.075521;,
   1.937805;32.043877;-16.910650;,
   -3.380522;27.750458;-19.768574;,
   -0.060131;30.759197;-16.120161;,
   -0.063591;31.484102;-17.874611;,
   -3.371552;27.032522;-17.529385;,
   5.099152;18.226667;17.914553;,
   0.377961;21.770437;17.536461;,
   0.397069;18.382797;18.482960;,
   5.395283;21.397718;17.124264;,
   10.137511;13.755725;15.166458;,
   12.456531;20.483793;14.193445;,
   16.774748;12.838710;8.499807;,
   20.839231;18.124779;7.635300;,
   18.630165;12.595889;1.849766;,
   22.693403;17.685280;1.783034;,
   16.403725;12.626584;-5.752205;,
   18.936642;17.542301;-6.363468;,
   10.462658;13.126069;-14.589288;,
   11.648241;18.099949;-16.019251;,
   4.044923;13.638746;-20.026339;,
   3.354739;9.004900;-15.188422;,
   -0.293693;9.009166;-15.413842;,
   -0.367757;13.640397;-20.532623;,
   -4.758100;13.688234;-19.863260;,
   -3.929966;9.035487;-15.041781;,
   -10.974366;13.214826;-14.163443;,
   -12.145102;18.259699;-15.601984;,
   6.888412;13.654782;16.355616;,
   -19.094585;17.783220;-5.683451;,
   -16.563728;12.763086;-5.097310;,
   -22.548227;17.956755;2.605651;,
   -18.486687;12.749576;2.587088;,
   -20.471153;18.364340;8.393965;,
   -16.366692;12.975932;9.158158;,
   -11.841198;20.633930;14.631320;,
   -9.462572;13.836875;15.555811;,
   -4.654036;21.448559;17.293900;,
   -4.326932;18.274130;18.094172;,
   0.377961;21.770437;17.536461;,
   0.397069;18.382797;18.482960;,
   -6.169756;13.708851;16.615013;,
   20.855406;15.964739;-4.842826;,
   15.092499;13.228920;-10.842371;,
   16.814491;13.198390;-11.820014;,
   19.016972;15.987322;-4.364985;,
   23.129286;18.200203;1.818137;,
   20.766264;18.192135;1.407509;,
   -22.978262;18.481127;2.652654;,
   -19.119066;16.217867;-3.673113;,
   -20.634424;18.449730;2.151994;,
   -20.972958;16.215214;-4.081802;,
   -15.450742;13.355384;-10.235633;,
   -17.210396;13.339271;-11.144112;,
   0.410650;18.765818;19.078461;,
   -4.858572;18.610540;16.782978;,
   0.367345;18.644125;17.117516;,
   -4.688947;18.722654;18.688459;,
   -10.103851;18.241566;14.539218;,
   -10.996031;18.310728;16.021076;,
   -15.261805;18.074699;11.468272;,
   -16.598581;18.117752;12.477108;,
   -19.015867;18.070427;7.665822;,
   -20.872807;18.126184;8.993066;,
   -20.634424;18.449730;2.151994;,
   -22.978262;18.481127;2.652654;,
   21.262289;17.885130;8.216285;,
   20.766264;18.192135;1.407509;,
   23.129286;18.200203;1.818137;,
   19.354269;17.847040;6.961947;,
   17.126829;17.931231;11.849556;,
   15.751328;17.901669;10.892554;,
   11.673682;18.191090;15.594056;,
   10.720684;18.129183;14.149195;,
   5.452213;18.739685;18.655422;,
   5.574281;18.555838;16.586136;,
   0.410650;18.765818;19.078461;,
   0.367345;18.644125;17.117516;,
   -4.560953;26.206924;-19.769430;,
   -0.022529;31.478191;-16.062645;,
   -0.041945;31.211918;-17.545456;,
   -4.539511;26.250957;-18.223879;,
   -4.865068;21.312777;-21.128254;,
   -4.845047;21.404285;-19.105589;,
   -3.342959;14.885062;-21.637661;,
   -3.296650;15.006373;-19.182121;,
   -0.403829;8.656146;-20.884472;,
   -0.355005;8.795822;-18.455797;,
   -4.796882;8.813448;-20.401901;,
   -0.374811;15.178200;-21.522612;,
   -0.398330;8.673367;-20.611265;,
   -5.356954;15.274858;-21.252956;,
   -0.263063;21.277664;-21.038345;,
   -5.556277;21.315533;-20.816664;,
   -0.195335;26.471092;-19.598934;,
   -5.363305;26.528746;-19.381960;,
   -0.041945;31.211918;-17.545456;,
   -5.026560;31.139277;-17.630758;,
   -12.014369;26.901171;-15.952645;,
   -11.204965;31.509813;-14.154893;,
   -17.080368;27.148947;-10.381298;,
   -15.847747;31.612816;-8.953898;,
   -20.126341;27.363787;-3.071179;,
   -18.691683;31.985203;-1.167076;,
   -19.866550;30.450327;3.188912;,
   -21.598635;26.740625;2.459460;,
   -19.826960;27.494211;7.442347;,
   -18.170416;32.037426;7.440730;,
   -11.877994;10.649545;-16.887749;,
   -12.370170;16.214544;-17.997362;,
   -12.449335;21.625111;-17.334887;,
   -17.776432;22.152166;-11.413324;,
