xof 0303txt 0032
template VertexDuplicationIndices {
 <b8d65549-d7c9-4995-89cf-53a9a8b031e3>
 DWORD nIndices;
 DWORD nOriginalVertices;
 array DWORD indices[nIndices];
}

template EffectParamDWord {
 <e13963bc-ae51-4c5d-b00f-cfa3a9d97ce5>
 STRING ParamName;
 DWORD Value;
}

template FVFData {
 <b6e70a0e-8ef9-4e83-94ad-ecc8b0c04897>
 DWORD dwFVF;
 DWORD nDWords;
 array DWORD data[nDWords];
}

template EffectFloats {
 <f1cfe2b3-0de3-4e28-afa1-155a750a282d>
 DWORD nFloats;
 array FLOAT Floats[nFloats];
}

template EffectString {
 <d55b097e-bdb6-4c52-b03d-6051c89d0e42>
 STRING Value;
}

template EffectDWord {
 <622c0ed0-956e-4da9-908a-2af94f3ce716>
 DWORD Value;
}

template EffectInstance {
 <e331f7e4-0559-4cc2-8e99-1cec1657928f>
 STRING EffectFilename;
 [...]
}

template AnimTicksPerSecond {
 <9e415a43-7ba6-4a73-8743-b73d47e88476>
 DWORD AnimTicksPerSecond;
}

template VertexElement {
 <f752461c-1e23-48f6-b9f8-8350850f336f>
 DWORD Type;
 DWORD Method;
 DWORD Usage;
 DWORD UsageIndex;
}

template DeclData {
 <bf22e553-292c-4781-9fea-62bd554bdd93>
 DWORD nElements;
 array VertexElement Elements[nElements];
 DWORD nDWords;
 array DWORD data[nDWords];
}

template EffectParamFloats {
 <3014b9a0-62f5-478c-9b86-e4ac9f4e418b>
 STRING ParamName;
 DWORD nFloats;
 array FLOAT Floats[nFloats];
}

template EffectParamString {
 <1dbc4c88-94c1-46ee-9076-2c28818c9481>
 STRING ParamName;
 STRING Value;
}


AnimTicksPerSecond {
 4800;
}

Frame {
 

 FrameTransformMatrix {
  1.000000,0.000000,0.000000,0.000000,0.000000,1.000000,0.000000,0.000000,0.000000,0.000000,1.000000,0.000000,0.000000,0.000000,0.000000,1.000000;;
 }

 Frame Boss01 {
  

  FrameTransformMatrix {
   0.000002,-0.000000,-1.000000,0.000000,0.000000,1.000000,-0.000000,0.000000,1.000000,-0.000000,0.000002,0.000000,0.880755,25.263054,8.528927,1.000000;;
  }

  Frame Boss01-Prop1 {
   

   FrameTransformMatrix {
    -0.117364,0.174658,-0.977609,0.000000,-0.185564,0.963218,0.194364,0.000000,0.975598,0.204221,-0.080637,0.000000,12.112930,-1.682617,3.385341,1.000000;;
   }
  }

  Frame Boss01-Prop2 {
   

   FrameTransformMatrix {
    0.175526,-0.073579,0.981721,0.000000,-0.031579,-0.997111,-0.069086,0.000000,0.983968,-0.018875,-0.177342,0.000000,8.660452,2.695456,4.640479,1.000000;;
   }
  }

  Frame Boss01-Pelvis {
   

   FrameTransformMatrix {
    0.000000,1.000000,0.000002,0.000000,-0.000001,-0.000002,1.000000,0.000000,1.000000,-0.000000,0.000001,0.000000,0.000000,0.000000,-0.000000,1.000000;;
   }

   Frame Boss01-Spine {
    

    FrameTransformMatrix {
     0.985564,0.000001,0.169305,0.000000,-0.000002,1.000000,0.000004,0.000000,-0.169305,-0.000004,0.985564,0.000000,8.393589,0.000013,-0.009154,1.000000;;
    }

    Frame Boss01-Spine1 {
     

     FrameTransformMatrix {
      0.982447,0.000001,0.186542,0.000000,-0.000001,1.000000,-0.000000,0.000000,-0.186542,-0.000000,0.982447,0.000000,11.667656,0.000001,-0.009133,1.000000;;
     }

     Frame Boss01-Spine2 {
      

      FrameTransformMatrix {
       0.946680,0.000001,0.322176,0.000000,-0.000001,1.000000,-0.000000,0.000000,-0.322176,-0.000000,0.946680,0.000000,11.668930,0.000001,-0.008799,1.000000;;
      }

      Frame Boss01-Neck {
       

       FrameTransformMatrix {
        1.000000,0.000000,0.000000,0.000000,-0.000000,1.000000,-0.000000,0.000000,-0.000000,-0.000000,1.000000,0.000000,11.665924,0.000000,-0.002750,1.000000;;
       }

       Frame Boss01-Head {
        

        FrameTransformMatrix {
         0.773917,-0.000002,-0.633287,0.000000,0.000002,1.000000,-0.000001,0.000000,0.633287,-0.000001,0.773917,0.000000,3.456757,0.000000,-0.000004,1.000000;;
        }

        Frame Boss01-HeadNub {
         

         FrameTransformMatrix {
          1.000000,0.000001,-0.000000,0.000000,-0.000001,1.000000,0.000000,0.000000,0.000000,-0.000000,1.000000,0.000000,20.899117,0.000095,-0.000010,1.000000;;
         }
        }

        Frame Boss_Hat01 {
         

         FrameTransformMatrix {
          0.998352,-0.008144,0.056810,0.000000,-0.056802,0.001300,0.998385,0.000000,-0.008204,-0.999966,0.000836,0.000000,22.814621,-0.500485,0.166392,1.000000;;
         }

         Frame Boss_Hat02 {
          

          FrameTransformMatrix {
           0.998329,0.056937,0.009922,0.000000,-0.056927,0.998378,-0.001296,0.000000,-0.009979,0.000729,0.999950,0.000000,11.216064,-0.000001,-0.000013,1.000000;;
          }

          Frame Boss_Hat03 {
           

           FrameTransformMatrix {
            0.998128,0.057925,0.019665,0.000000,-0.057905,0.998321,-0.001539,0.000000,-0.019722,0.000397,0.999805,0.000000,12.301201,-0.000001,-0.000001,1.000000;;
           }
          }
         }
        }
       }

       Frame Boss01-L-Clavicle {
        

        FrameTransformMatrix {
         -0.335690,0.935714,-0.108410,0.000000,0.941972,0.333362,-0.039467,0.000000,-0.000790,-0.115368,-0.993322,0.000000,0.000008,4.574418,0.002743,1.000000;;
        }

        Frame Boss01-L-UpperArm {
         

         FrameTransformMatrix {
          0.892195,-0.262486,-0.367544,0.000000,0.273195,0.961669,-0.023620,0.000000,0.359656,-0.079338,0.929706,0.000000,19.707531,0.000004,-0.000023,1.000000;;
         }

         Frame Boss01-L-Forearm {
          

          FrameTransformMatrix {
           0.486536,0.000000,-0.873660,0.000000,-0.000000,1.000000,0.000000,0.000000,0.873660,0.000000,0.486537,0.000000,17.017189,-0.000015,-0.000027,1.000000;;
          }

          Frame Boss01-L-Hand {
           

           FrameTransformMatrix {
            0.985736,0.055226,0.158981,0.000000,-0.115681,-0.463776,0.878367,0.000000,0.122240,-0.884229,-0.450772,0.000000,17.748890,0.000008,-0.000023,1.000000;;
           }

           Frame Boss01-L-Finger0 {
            

            FrameTransformMatrix {
             0.640838,-0.568842,0.515505,0.000000,0.448118,-0.268043,-0.852844,0.000000,0.623311,0.777542,0.083136,0.000000,-0.063766,-5.780416,2.265400,1.000000;;
            }

            Frame Boss01-L-Finger01 {
             

             FrameTransformMatrix {
              0.826085,-0.000000,0.563545,0.000000,-0.000000,1.000000,0.000000,0.000000,-0.563545,-0.000000,0.826086,0.000000,3.599609,-0.000008,-0.000006,1.000000;;
             }

             Frame Boss01-L-Finger02 {
              

              FrameTransformMatrix {
               0.659646,-0.000000,0.751577,0.000000,0.000000,1.000000,0.000000,0.000000,-0.751577,-0.000000,0.659646,0.000000,3.599607,0.000015,-0.000004,1.000000;;
              }

              Frame Boss01-L-Finger0Nub {
               

               FrameTransformMatrix {
                1.000000,-0.000001,-0.000001,0.000000,0.000001,1.000000,0.000001,0.000000,0.000001,-0.000001,1.000000,0.000000,3.599638,-0.000076,0.000023,1.000000;;
               }
              }
             }
            }
           }

           Frame Boss01-L-Finger1 {
            

            FrameTransformMatrix {
             0.718844,-0.113839,0.685788,0.000000,0.158518,0.987353,-0.002262,0.000000,-0.676857,0.110336,0.727798,0.000000,14.441818,-6.047562,-0.350166,1.000000;;
            }

            Frame Boss01-L-Finger11 {
             

             FrameTransformMatrix {
              0.759100,0.000000,0.650974,0.000000,-0.000000,1.000000,-0.000000,0.000000,-0.650974,0.000000,0.759100,0.000000,2.716591,-0.000015,0.000012,1.000000;;
             }

             Frame Boss01-L-Finger12 {
              

              FrameTransformMatrix {
               0.490674,0.000000,0.871343,0.000000,-0.000000,1.000000,-0.000000,0.000000,-0.871343,0.000000,0.490674,0.000000,2.716595,0.000006,-0.000002,1.000000;;
              }

              Frame Boss01-L-Finger1Nub {
               

               FrameTransformMatrix {
                1.000000,0.000000,0.000002,0.000000,-0.000000,1.000000,-0.000001,0.000000,-0.000002,0.000001,1.000000,0.000000,2.716663,-0.000013,0.000076,1.000000;;
               }
              }
             }
            }
           }

           Frame Boss01-L-Finger2 {
            

            FrameTransformMatrix {
             0.759832,-0.035274,0.649162,0.000000,0.099793,0.993022,-0.062848,0.000000,-0.642415,0.112535,0.758050,0.000000,15.332363,-2.751707,-0.994156,1.000000;;
            }

            Frame Boss01-L-Finger21 {
             

             FrameTransformMatrix {
              0.586415,0.000000,0.810011,0.000000,-0.000000,1.000000,-0.000000,0.000000,-0.810011,-0.000000,0.586415,0.000000,2.834818,-0.000010,0.000004,1.000000;;
             }

             Frame Boss01-L-Finger22 {
              

              FrameTransformMatrix {
               0.586414,-0.000000,0.810011,0.000000,0.000000,1.000000,0.000000,0.000000,-0.810011,0.000000,0.586414,0.000000,2.834824,-0.000006,-0.000004,1.000000;;
              }

              Frame Boss01-L-Finger2Nub {
               

               FrameTransformMatrix {
                1.000000,0.000001,0.000002,0.000000,-0.000001,1.000000,-0.000001,0.000000,-0.000002,0.000001,1.000000,0.000000,2.834869,0.000008,0.000080,1.000000;;
               }
              }
             }
            }
           }

           Frame Boss01-L-Finger3 {
            

            FrameTransformMatrix {
             0.623385,0.060285,0.779588,0.000000,-0.039631,0.998178,-0.045498,0.000000,-0.780910,-0.002533,0.624639,0.000000,15.162722,0.787439,-0.861889,1.000000;;
            }

            Frame Boss01-L-Finger31 {
             

             FrameTransformMatrix {
              0.561789,-0.000000,0.827281,0.000000,0.000000,1.000000,0.000000,0.000000,-0.827281,-0.000000,0.561789,0.000000,2.349640,-0.000011,0.000008,1.000000;;
             }

             Frame Boss01-L-Finger32 {
              

              FrameTransformMatrix {
               0.561789,-0.000000,0.827281,0.000000,-0.000000,1.000000,0.000000,0.000000,-0.827281,-0.000000,0.561789,0.000000,2.349644,0.000004,-0.000002,1.000000;;
              }

              Frame Boss01-L-Finger3Nub {
               

               FrameTransformMatrix {
                1.000000,0.000001,0.000002,0.000000,-0.000001,1.000000,-0.000001,0.000000,-0.000002,0.000001,1.000000,0.000000,2.349686,-0.000002,0.000061,1.000000;;
               }
              }
             }
            }
           }

           Frame Boss01-L-Finger4 {
            

            FrameTransformMatrix {
             0.339357,0.041849,0.939726,0.000000,-0.124546,0.992214,0.000790,0.000000,-0.932376,-0.117307,0.341927,0.000000,14.887011,4.312429,-0.652313,1.000000;;
            }

            Frame Boss01-L-Finger41 {
             

             FrameTransformMatrix {
              0.777089,-0.000000,0.629391,0.000000,0.000000,1.000000,0.000000,0.000000,-0.629391,-0.000000,0.777089,0.000000,1.835544,-0.000004,0.000004,1.000000;;
             }

             Frame Boss01-L-Finger42 {
              

              FrameTransformMatrix {
               0.786439,-0.000000,0.617668,0.000000,0.000000,1.000000,0.000000,0.000000,-0.617668,0.000000,0.786439,0.000000,1.835510,0.000002,0.000004,1.000000;;
              }

              Frame Boss01-L-Finger4Nub {
               

               FrameTransformMatrix {
                1.000000,0.000001,0.000002,0.000000,-0.000001,1.000000,-0.000001,0.000000,-0.000002,0.000001,1.000000,0.000000,1.835583,-0.000004,0.000065,1.000000;;
               }
              }
             }
            }
           }
          }
         }
        }
       }

       Frame Boss01-R-Clavicle {
        

        FrameTransformMatrix {
         -0.335689,-0.935714,-0.108406,0.000000,-0.941972,0.333363,0.039463,0.000000,-0.000788,0.115363,-0.993323,0.000000,0.000011,-4.574419,0.002773,1.000000;;
        }

        Frame Boss01-R-UpperArm {
         

         FrameTransformMatrix {
          0.925781,0.377860,0.012346,0.000000,-0.376286,0.924103,-0.066656,0.000000,-0.036596,0.057063,0.997700,0.000000,19.707531,0.000008,-0.000065,1.000000;;
         }

         Frame Boss01-R-Forearm {
          

          FrameTransformMatrix {
           0.161327,-0.000000,-0.986901,0.000000,-0.000000,1.000000,-0.000000,0.000000,0.986901,0.000000,0.161327,0.000000,17.017197,0.000012,-0.000065,1.000000;;
          }

          Frame Boss01-R-Hand {
           

           FrameTransformMatrix {
            0.979422,-0.002345,0.201810,0.000000,0.187111,-0.364231,-0.912319,0.000000,0.075645,0.931305,-0.356297,0.000000,17.748898,-0.000023,-0.000084,1.000000;;
           }

           Frame Boss01-R-Finger0 {
            

            FrameTransformMatrix {
             0.359367,0.619716,0.697716,0.000000,-0.814587,-0.156468,0.558538,0.000000,0.455305,-0.769071,0.448583,0.000000,1.338665,6.267643,0.638546,1.000000;;
            }

            Frame Boss01-R-Finger01 {
             

             FrameTransformMatrix {
              0.396973,0.000000,0.917831,0.000000,-0.000000,1.000000,0.000000,0.000000,-0.917831,-0.000000,0.396973,0.000000,3.559211,0.000008,-0.000005,1.000000;;
             }

             Frame Boss01-R-Finger02 {
              

              FrameTransformMatrix {
               0.731872,-0.000000,0.681442,0.000000,-0.000000,1.000000,0.000000,0.000000,-0.681442,-0.000000,0.731872,0.000000,3.559212,-0.000017,-0.000000,1.000000;;
              }

              Frame Boss01-R-Finger0Nub {
               

               FrameTransformMatrix {
                -0.999999,0.000005,0.000691,0.000000,0.000005,1.000000,0.000001,0.000000,-0.000691,0.000001,-1.000000,0.000000,3.559145,-0.000055,-0.000042,1.000000;;
               }
              }
             }
            }
           }

           Frame Boss01-R-Finger1 {
            

            FrameTransformMatrix {
             0.484901,0.089138,0.870014,0.000000,-0.352652,0.930262,0.101239,0.000000,-0.800317,-0.355903,0.482520,0.000000,14.462612,5.644247,-0.361687,1.000000;;
            }

            Frame Boss01-R-Finger11 {
             

             FrameTransformMatrix {
              0.406402,0.087156,0.909528,0.000000,-0.035556,0.996195,-0.079573,0.000000,-0.913002,-0.000000,0.407954,0.000000,2.999355,0.000002,0.000000,1.000000;;
             }

             Frame Boss01-R-Finger12 {
              

              FrameTransformMatrix {
               0.396828,0.087156,0.913746,0.000000,-0.034718,0.996195,-0.079942,0.000000,-0.917236,-0.000000,0.398344,0.000000,2.999359,-0.000010,-0.000015,1.000000;;
              }

              Frame Boss01-R-Finger1Nub {
               

               FrameTransformMatrix {
                -0.999999,0.000004,0.000691,0.000000,0.000004,1.000000,-0.000001,0.000000,-0.000691,-0.000001,-0.999999,0.000000,2.999283,0.000010,-0.000046,1.000000;;
               }
              }
             }
            }
           }

           Frame Boss01-R-Finger2 {
            

            FrameTransformMatrix {
             0.347411,-0.053948,0.936160,0.000000,-0.064105,0.994642,0.081108,0.000000,-0.935519,-0.088190,0.342091,0.000000,15.446234,2.704077,-1.076885,1.000000;;
            }

            Frame Boss01-R-Finger21 {
             

             FrameTransformMatrix {
              0.546046,-0.000121,0.837755,0.000000,0.000014,1.000000,0.000135,0.000000,-0.837755,-0.000062,0.546046,0.000000,3.318558,-0.000004,0.000002,1.000000;;
             }

             Frame Boss01-R-Finger22 {
              

              FrameTransformMatrix {
               0.586919,0.000000,0.809645,0.000000,-0.000000,1.000000,-0.000000,0.000000,-0.809645,0.000000,0.586919,0.000000,3.318563,0.000405,0.000063,1.000000;;
              }

              Frame Boss01-R-Finger2Nub {
               

               FrameTransformMatrix {
                -1.000000,-0.000116,-0.000690,0.000000,-0.000116,1.000000,0.000061,0.000000,0.000690,0.000061,-1.000000,0.000000,3.318461,0.000385,0.000015,1.000000;;
               }
              }
             }
            }
           }

           Frame Boss01-R-Finger3 {
            

            FrameTransformMatrix {
             0.421010,-0.086437,0.902928,0.000000,0.036834,0.996257,0.078197,0.000000,-0.906308,0.000336,0.422618,0.000000,15.332609,-0.770535,-0.986096,1.000000;;
            }

            Frame Boss01-R-Finger31 {
             

             FrameTransformMatrix {
              0.561828,0.000000,0.827254,0.000000,-0.000000,1.000000,-0.000000,0.000000,-0.827254,-0.000000,0.561828,0.000000,2.663956,0.000000,0.000006,1.000000;;
             }

             Frame Boss01-R-Finger32 {
              

              FrameTransformMatrix {
               0.580195,-0.000000,0.814478,0.000000,0.000000,1.000000,0.000000,0.000000,-0.814478,-0.000000,0.580195,0.000000,2.663969,-0.000008,-0.000004,1.000000;;
              }

              Frame Boss01-R-Finger3Nub {
               

               FrameTransformMatrix {
                -1.000000,0.000004,0.000691,0.000000,0.000004,1.000000,0.000000,0.000000,-0.000691,0.000000,-0.999999,0.000000,2.663858,-0.000000,-0.000031,1.000000;;
               }
              }
             }
            }
           }

           Frame Boss01-R-Finger4 {
            

            FrameTransformMatrix {
             0.571327,-0.050536,0.819165,0.000000,0.089518,0.995984,-0.000990,0.000000,-0.815826,0.073895,0.573557,0.000000,15.255659,-4.201683,-1.768223,1.000000;;
            }

            Frame Boss01-R-Finger41 {
             

             FrameTransformMatrix {
              0.513005,-0.000000,0.858386,0.000000,0.000000,1.000000,0.000000,0.000000,-0.858386,-0.000000,0.513005,0.000000,2.087982,-0.000233,0.000097,1.000000;;
             }

             Frame Boss01-R-Finger42 {
              

              FrameTransformMatrix {
               0.554872,0.000000,0.831936,0.000000,-0.000000,1.000000,-0.000000,0.000000,-0.831936,-0.000000,0.554872,0.000000,2.087994,-0.000450,0.000090,1.000000;;
              }

              Frame Boss01-R-Finger4Nub {
               

               FrameTransformMatrix {
                -0.999999,0.000121,-0.000690,0.000000,0.000121,1.000000,-0.000180,0.000000,0.000690,-0.000180,-1.000000,0.000000,2.087925,-0.000252,0.000046,1.000000;;
               }
              }
             }
            }
           }
          }
         }
        }
       }
      }
     }
    }

    Frame Boss01-L-Thigh {
     

     FrameTransformMatrix {
      -0.620672,0.080291,0.779948,0.000000,-0.100482,-0.994685,0.022435,0.000000,0.777605,-0.064446,0.625442,0.000000,-8.270870,15.479054,1.430053,1.000000;;
     }

     Frame Boss01-L-Calf {
      

      FrameTransformMatrix {
       0.504633,0.000000,-0.863334,0.000000,-0.000000,1.000000,0.000000,0.000000,0.863334,-0.000000,0.504633,0.000000,13.610496,0.000033,0.000005,1.000000;;
      }

      Frame Boss01-L-Foot {
       

       FrameTransformMatrix {
        0.945549,0.102829,0.308809,0.000000,-0.173360,0.962112,0.210446,0.000000,-0.275469,-0.252522,0.927550,0.000000,9.275833,0.000023,0.000003,1.000000;;
       }

       Frame Boss01-L-Toe0 {
        

        FrameTransformMatrix {
         0.000000,0.000000,1.000000,0.000000,-0.000000,1.000000,-0.000000,0.000000,-1.000000,-0.000000,0.000000,0.000000,6.269609,0.000013,8.000210,1.000000;;
        }

        Frame Boss01-L-Toe0Nub {
         

         FrameTransformMatrix {
          -1.000000,-0.000001,0.000691,0.000000,-0.000001,1.000000,0.000004,0.000000,-0.000691,0.000004,-1.000000,0.000000,7.050011,0.000048,-0.000034,1.000000;;
         }
        }
       }
      }
     }
    }

    Frame Boss01-R-Thigh {
     

     FrameTransformMatrix {
      -0.620667,-0.080289,0.779952,0.000000,0.100484,-0.994685,-0.022431,0.000000,0.777608,0.064450,0.625437,0.000000,-8.270870,-15.479045,1.430133,1.000000;;
     }

     Frame Boss01-R-Calf {
      

      FrameTransformMatrix {
       0.504630,0.000000,-0.863336,0.000000,0.000000,1.000000,0.000001,0.000000,0.863336,-0.000000,0.504630,0.000000,13.610493,-0.000072,0.000002,1.000000;;
      }

      Frame Boss01-R-Foot {
       

       FrameTransformMatrix {
        0.945639,-0.102953,0.308494,0.000000,0.196714,0.936444,-0.290477,0.000000,-0.258982,0.335371,0.905790,0.000000,9.275837,-0.000048,0.000003,1.000000;;
       }

       Frame Boss01-R-Toe0 {
        

        FrameTransformMatrix {
         -0.000345,0.000007,1.000000,0.000000,-0.000006,1.000000,-0.000007,0.000000,-1.000000,-0.000006,-0.000345,0.000000,6.269624,-0.000044,8.000198,1.000000;;
        }

        Frame Boss01-R-Toe0Nub {
         

         FrameTransformMatrix {
          1.000000,-0.000002,-0.000002,0.000000,0.000002,1.000000,-0.000004,0.000000,0.000002,0.000004,1.000000,0.000000,7.050021,0.000034,0.000008,1.000000;;
         }
        }
       }
      }
     }
    }
   }
  }
 }

 Frame mafiaboss {
  

  FrameTransformMatrix {
   1.000000,0.000000,0.000000,0.000000,0.000000,1.000000,0.000000,0.000000,0.000000,0.000000,1.000000,0.000000,0.000000,0.000000,0.000000,1.000000;;
  }

  Mesh mafiaboss {
   3576;
   11.553608;80.109695;-14.660771;,
   6.796662;87.436935;-16.580143;,
   11.553608;87.436935;-14.660771;,
   6.796663;80.109695;-16.580143;,
   2.039716;80.109695;-17.351830;,
   2.039716;87.436935;-17.351830;,
   -1.818990;80.109695;-17.351830;,
   -6.575935;87.436935;-16.580143;,
   -1.818990;87.436935;-17.351830;,
   -6.575935;80.109695;-16.580143;,
   -11.332882;80.109695;-14.660771;,
   -11.332882;87.436935;-14.660771;,
   51.476803;38.402500;-7.273787;,
   52.156654;41.735912;-5.199981;,
   50.009823;38.509918;-4.655707;,
   53.731457;40.319603;-6.560040;,
   55.583279;44.727467;-4.655704;,
   52.156654;41.735912;-5.199981;,
   50.498302;46.866425;-5.469166;,
   49.523220;43.825897;-9.563316;,
   47.983223;45.011547;-5.973604;,
   52.627476;46.610619;-8.748235;,
   51.537819;42.042614;-10.380115;,
   53.792473;43.959724;-9.666364;,
   55.583279;44.727467;-4.655704;,
   55.322948;42.757599;-7.249863;,
   53.731457;40.319603;-6.560040;,
   56.486580;45.735149;0.990239;,
   64.375954;38.682270;-2.310690;,
   64.564384;38.534260;0.990238;,
   49.858330;38.340916;6.636181;,
   48.433723;36.751675;0.990238;,
   58.947491;33.855469;4.291168;,
   59.787994;33.195290;0.990236;,
   59.599552;33.343296;-2.310694;,
   50.009823;38.509918;-4.655707;,
   49.523220;43.825897;-9.563316;,
   46.369350;42.448811;-5.425071;,
   47.983223;45.011547;-5.973604;,
   47.251911;40.386913;-8.801320;,
   51.476803;38.402500;-7.273787;,
   49.946320;39.604626;-9.690292;,
   51.537819;42.042614;-10.380115;,
   4.474860;133.021347;-15.921960;,
   0.000002;124.732018;-12.925497;,
   0.000002;133.002884;-15.921960;,
   4.438928;124.748154;-12.925497;,
   0.000002;116.990166;-11.908161;,
   4.402997;117.003990;-11.908161;,
   9.942206;123.486015;-10.963392;,
   9.331891;116.273186;-10.117035;,
   14.626837;121.638184;-5.244953;,
   13.990994;114.162071;-4.896885;,
   14.626837;121.638191;2.709507;,
   13.990994;114.162071;2.364435;,
   9.331891;116.273186;7.626361;,
   9.942206;123.486015;8.473712;,
   4.402997;117.003990;9.417492;,
   4.438928;124.748154;10.435820;,
   10.975391;131.971741;10.969524;,
   4.474859;133.021347;13.435218;,
   0.000002;133.002884;13.435218;,
   0.000002;124.732010;10.435818;,
   10.975391;131.971741;-13.456263;,
   16.324244;128.654663;-6.270145;,
   16.324245;128.654663;3.725887;,
   10.975391;132.725769;4.050220;,
   10.975391;131.971741;10.969524;,
   4.474859;134.063187;4.339656;,
   4.474859;133.021347;13.435218;,
   0.000002;134.044739;4.472857;,
   0.000002;133.002884;13.435218;,
   10.975391;132.725769;-6.634259;,
   4.474859;134.063187;-7.264615;,
   0.000002;134.044739;-7.789940;,
   4.474860;133.021347;-15.921960;,
   0.000002;133.002884;-15.921960;,
   10.975391;131.971741;-13.456263;,
   0.000002;134.044739;4.472857;,
   -4.474855;133.021347;13.435218;,
   0.000002;133.002884;13.435218;,
   -4.474855;134.063187;4.339656;,
   -10.975388;131.971741;10.969524;,
   -10.975388;132.725769;4.050220;,
   -16.324242;128.654663;3.725887;,
   -16.324240;128.654663;-6.270145;,
   -14.626833;121.638184;-5.244953;,
   -14.626833;121.638191;2.709507;,
   -9.942203;123.486015;8.473712;,
   -10.975388;131.971741;10.969524;,
   -4.438924;124.748154;10.435820;,
   -4.474855;133.021347;13.435218;,
   0.000002;133.002884;13.435218;,
   0.000002;124.732010;10.435818;,
   -4.474855;134.063187;-7.264615;,
   -10.975388;132.725769;-6.634259;,
   -10.975388;131.971741;-13.456263;,
   -4.474856;133.021347;-15.921960;,
   0.000002;134.044739;-7.789940;,
   0.000002;133.002884;-15.921960;,
   -4.402993;117.003990;9.417492;,
   -9.331887;116.273186;7.626361;,
   -13.990991;114.162071;2.364435;,
   -13.990991;114.162071;-4.896885;,
   -9.331887;116.273186;-10.117035;,
   -9.942203;123.486015;-10.963392;,
   -4.402993;117.003990;-11.908161;,
   -4.438924;124.748154;-12.925497;,
   0.000002;116.990166;-11.908161;,
   0.000002;124.732018;-12.925497;,
   -4.474856;133.021347;-15.921960;,
   0.000002;133.002884;-15.921960;,
   -10.975388;131.971741;-13.456263;,
   56.075031;37.900127;-13.398584;,
   58.020298;37.542927;-12.872972;,
   57.453491;37.151360;-13.182465;,
   57.772007;39.167511;-12.840976;,
   58.736549;38.409908;-10.799550;,
   58.507366;37.160355;-11.842099;,
   57.599331;36.702858;-10.172425;,
   58.223221;36.546768;-11.553326;,
   53.842945;39.719231;-11.799409;,
   55.750889;41.479820;-11.146095;,
   56.715424;40.722214;-9.104673;,
   55.367249;38.521957;-8.573245;,
   51.537819;42.042614;-10.380115;,
   53.792473;43.959724;-9.666364;,
   55.322948;42.757599;-7.249863;,
   53.731457;40.319603;-6.560040;,
   52.156654;41.735912;-5.199981;,
   51.476803;38.402500;-7.273787;,
   53.731457;40.319603;-6.560040;,
   53.459309;36.761372;-9.226559;,
   55.367249;38.521957;-8.573245;,
   55.902348;35.435482;-10.730038;,
   57.599331;36.702858;-10.172425;,
   57.656406;36.155209;-11.862819;,
   58.223221;36.546768;-11.553326;,
   57.169338;36.537785;-12.893691;,
   57.453491;37.151360;-13.182465;,
   58.020298;37.542927;-12.872972;,
   58.507366;37.160355;-11.842099;,
   52.494766;37.518974;-11.267985;,
   54.937805;36.193085;-12.771463;,
   56.075031;37.900127;-13.398584;,
   49.946320;39.604626;-9.690292;,
   51.537819;42.042614;-10.380115;,
   53.842945;39.719231;-11.799409;,
   -70.591011;29.954130;0.819199;,
   -71.437637;31.723698;-2.054234;,
   -70.591011;29.954130;-2.356345;,
   -71.437637;31.723696;0.517090;,
   -68.735489;34.621586;-2.156504;,
   -66.178673;33.269863;-2.353601;,
   -68.135590;35.452930;-2.182461;,
   -67.215149;35.936436;-2.208586;,
   -65.310410;33.811577;-2.352111;,
   -64.820137;38.007732;-2.290634;,
   -64.993759;37.871365;0.953240;,
   -67.369675;35.811710;0.799198;,
   -65.470779;33.693371;0.980133;,
   -66.272896;33.195854;0.971765;,
   -68.229813;35.378929;0.753663;,
   -68.738579;34.625027;0.710447;,
   -64.379570;31.262844;-2.182463;,
   -65.310410;33.811577;-2.352111;,
   -63.941086;31.600901;-2.208588;,
   -66.178673;33.269863;-2.353601;,
   -68.876328;28.866386;-1.797446;,
   -70.591011;29.954130;-2.356345;,
   -70.591011;29.954130;0.819199;,
   -68.876328;28.866386;0.260303;,
   -66.272896;33.195854;0.971765;,
   -64.473785;31.188835;0.753663;,
   -65.470779;33.693371;0.980133;,
   -64.107300;31.489210;0.799199;,
   4.402997;117.003990;-11.908161;,
   0.000002;108.885986;-12.193675;,
   0.000002;116.990166;-11.908161;,
   4.367066;108.897491;-12.193675;,
   0.000002;101.964844;-14.014165;,
   4.331135;101.974052;-14.014165;,
   0.000002;101.964783;-14.861545;,
   4.687823;101.974052;-14.702659;,
   9.146694;101.485649;-11.869103;,
   9.898179;101.485649;-12.441946;,
   14.268726;99.750290;-5.617420;,
   15.226796;99.428368;-6.093442;,
   15.259184;99.428375;-1.292055;,
   14.268726;99.750298;3.078778;,
   15.291571;99.428375;3.509335;,
   9.859780;101.485649;10.128053;,
   9.146694;101.485649;9.380492;,
   4.687823;101.974052;12.214048;,
   4.331135;101.974052;11.525561;,
   0.000002;101.964783;12.372934;,
   0.000002;101.964851;11.525561;,
   9.331891;116.273186;-10.117035;,
   9.239292;108.287895;-10.354566;,
   14.129860;106.956184;-4.994570;,
   14.129860;106.956184;2.461279;,
   9.239292;108.287895;7.864168;,
   4.367066;108.897491;9.703286;,
   0.000002;108.885986;9.703286;,
   13.990994;114.162071;-4.896885;,
   13.990994;114.162071;2.364435;,
   9.331891;116.273186;7.626361;,
   4.402997;117.003990;9.417492;,
   0.000002;116.990173;9.417491;,
   0.000002;124.732010;10.435818;,
   4.438928;124.748154;10.435820;,
   0.000002;91.198105;11.095801;,
   5.267704;90.279961;9.685161;,
   0.090130;90.373543;10.007739;,
   5.727097;91.104523;10.861452;,
   6.818505;90.222748;9.068112;,
   7.607435;91.047318;10.418097;,
   8.755141;91.055779;9.860657;,
   7.445085;90.231216;8.422773;,
   9.531884;92.018272;8.335238;,
   7.789489;91.193703;7.210218;,
   10.685479;93.178574;5.596086;,
   12.556651;92.354004;6.316198;,
   11.538037;94.508888;1.880625;,
   14.285496;93.684326;2.020224;,
   12.307601;94.369339;-1.900213;,
   9.902048;93.544769;-1.517605;,
   10.585662;93.045319;-4.563197;,
   12.257782;93.869888;-5.401486;,
   10.733666;93.045319;-6.075217;,
   11.083163;93.126221;-6.438640;,
   11.432661;93.045319;-6.802060;,
   0.000002;90.373543;12.183865;,
   6.186491;90.279961;12.037745;,
   8.396364;90.222748;11.768080;,
   10.065196;90.231216;11.298538;,
   11.274281;91.193703;9.460257;,
   12.074915;89.373520;9.371878;,
   13.322456;90.233849;6.020771;,
   14.785396;91.153709;1.843317;,
   15.213054;91.761665;-1.833119;,
   14.713153;93.544769;-2.282821;,
   13.929901;93.045319;-6.239773;,
   11.932562;91.958504;-6.248749;,
   14.429801;91.958504;-5.686462;,
   12.551831;88.861160;-4.061547;,
   14.724695;88.861160;-3.617240;,
   15.507947;88.664322;-0.923208;,
   15.080290;88.467476;1.770825;,
   13.617351;88.041824;5.109449;,
   0.000002;86.896606;13.064770;,
   6.886201;87.634369;12.493215;,
   9.395857;87.937782;11.985442;,
   11.141971;88.346924;11.163707;,
   0.000002;90.883118;10.564374;,
   6.347261;93.753471;3.460779;,
   0.000002;94.988617;3.460779;,
   6.067368;89.734879;10.812651;,
   10.491369;92.947052;3.460779;,
   9.931582;89.003578;10.325583;,
   6.066109;85.187721;12.415711;,
   0.000002;85.187721;12.415709;,
   0.000002;93.662987;-16.372574;,
   5.561821;89.224503;-17.009352;,
   0.000002;89.224503;-17.827011;,
   5.561821;93.662987;-15.554911;,
   11.196762;92.641197;-13.333254;,
   10.292142;87.506325;-15.262257;,
   14.047021;90.899345;-10.446714;,
   13.682627;85.967178;-11.758671;,
   13.153516;85.931030;-5.762469;,
   14.049273;83.534424;-11.185174;,
   14.073199;83.594627;-5.762468;,
   13.153515;85.931030;1.298460;,
   12.339080;93.228134;1.298460;,
   6.252542;95.267708;1.298460;,
   5.831695;95.881943;-5.762469;,
   0.000002;96.198959;1.298460;,
   0.000002;96.750511;-5.762469;,
   12.339082;93.228134;-5.762469;,
   0.000002;98.086884;-15.565108;,
   4.658471;94.395615;-15.478141;,
   0.000002;94.211449;-15.636944;,
   4.673665;98.086884;-15.406262;,
   9.849701;94.422531;-12.441948;,
   10.728570;98.086884;-13.095698;,
   15.547076;97.299210;-6.405756;,
   14.999424;94.507126;-6.094648;,
   15.019566;94.507126;-1.292354;,
   15.684142;96.833473;-1.292212;,
   15.111600;94.507126;3.509335;,
   15.510248;96.440605;4.166589;,
   9.895047;96.506569;10.446246;,
   9.640512;92.862968;9.632560;,
   4.671345;96.440590;12.883821;,
   4.658471;92.116814;11.678573;,
   0.000002;92.035156;11.837378;,
   0.000002;96.440590;13.056858;,
   0.000002;101.964783;12.372934;,
   4.687823;101.974052;12.214048;,
   9.859780;101.485649;10.128053;,
   0.000002;101.964783;-14.861545;,
   4.687823;101.974052;-14.702659;,
   9.898179;101.485649;-12.441946;,
   15.226796;99.428368;-6.093442;,
   15.259184;99.428375;-1.292055;,
   15.291571;99.428375;3.509335;,
   10.900216;87.142677;18.489092;,
   5.560705;88.233444;19.573505;,
   5.587307;86.678871;19.613667;,
   0.000002;86.676590;19.971508;,
   0.000002;88.230515;19.964569;,
   0.000002;92.035156;11.837378;,
   4.658471;92.116814;11.678573;,
   11.003843;88.694855;18.473560;,
   9.640512;92.862968;9.632560;,
   20.818439;90.032173;8.377014;,
   15.111600;94.507126;3.509335;,
   23.868616;91.251320;-1.376077;,
   15.019566;94.507126;-1.292354;,
   14.999424;94.507126;-6.094648;,
   20.894474;92.216515;-10.768425;,
   14.358884;94.212410;-18.936415;,
   9.849701;94.422531;-12.441948;,
   6.726324;94.212929;-21.762566;,
   4.658471;94.395615;-15.478141;,
   0.000002;94.024002;-22.158195;,
   0.000002;94.211449;-15.636944;,
   6.798561;92.659340;-21.789236;,
   0.000002;92.468521;-22.198864;,
   -6.347258;93.753471;3.460779;,
   0.000002;90.883118;10.564374;,
   0.000002;94.988617;3.460779;,
   -6.067364;89.734879;10.812651;,
   0.000002;85.187721;12.415709;,
   -6.066105;85.187721;12.415711;,
   -9.931579;89.003578;10.325583;,
   -10.491365;92.947052;3.460779;,
   -5.561818;89.224503;-17.009352;,
   0.000002;93.662987;-16.372574;,
   0.000002;89.224503;-17.827011;,
   -5.561818;93.662987;-15.554911;,
   0.000002;96.750511;-5.762469;,
   -5.831691;95.881943;-5.762469;,
   -11.196758;92.641197;-13.333254;,
   -12.339078;93.228134;-5.762469;,
   -14.047017;90.899345;-10.446714;,
   -10.292138;87.506325;-15.262257;,
   -5.267700;90.279961;9.685161;,
   0.000002;91.198105;11.095801;,
   -0.090127;90.373543;10.007739;,
   -5.727093;91.104523;10.861452;,
   0.000002;90.373543;12.183865;,
   -6.186488;90.279961;12.037745;,
   0.000002;86.896606;13.064770;,
   -6.886198;87.634369;12.493215;,
   -8.396360;90.222748;11.768080;,
   -9.395853;87.937782;11.985442;,
   -10.065192;90.231216;11.298538;,
   -11.141967;88.346924;11.163707;,
   -11.274277;91.193703;9.460257;,
   -12.074911;89.373520;9.371878;,
   -12.556646;92.354004;6.316198;,
   -13.322453;90.233849;6.020771;,
   -14.285492;93.684326;2.020224;,
   -14.785392;91.153709;1.843317;,
   -15.213050;91.761665;-1.833119;,
   -15.507943;88.664322;-0.923208;,
   -14.724691;88.861160;-3.617240;,
   -6.818501;90.222748;9.068112;,
   -7.607431;91.047318;10.418097;,
   -8.755137;91.055779;9.860657;,
   -9.531880;92.018272;8.335238;,
   -10.685475;93.178574;5.596086;,
   -11.538033;94.508888;1.880625;,
   -12.307598;94.369339;-1.900213;,
   -14.713149;93.544769;-2.282821;,
   -14.429797;91.958504;-5.686462;,
   -12.551827;88.861160;-4.061547;,
   -11.932558;91.958504;-6.248749;,
   -13.929897;93.045319;-6.239773;,
   -11.432657;93.045319;-6.802060;,
   -12.257778;93.869888;-5.401486;,
   -11.083159;93.126221;-6.438640;,
   -10.733663;93.045319;-6.075217;,
   -10.585658;93.045319;-4.563197;,
   -9.902044;93.544769;-1.517605;,
   -7.445081;90.231216;8.422773;,
   -7.789485;91.193703;7.210218;,
   -4.658467;94.395615;-15.478141;,
   0.000002;98.086884;-15.565108;,
   0.000002;94.211449;-15.636944;,
   -4.673661;98.086884;-15.406262;,
   0.000002;101.964783;-14.861545;,
   -4.687819;101.974052;-14.702659;,
   -9.898175;101.485649;-12.441946;,
   -10.728566;98.086884;-13.095698;,
   -15.226792;99.428368;-6.093442;,
   -15.547072;97.299210;-6.405756;,
   -15.259180;99.428375;-1.292055;,
   -15.684138;96.833473;-1.292212;,
   -15.291567;99.428375;3.509335;,
   -15.510244;96.440605;4.166589;,
   -9.895043;96.506569;10.446246;,
   -9.859776;101.485649;10.128053;,
   -4.671341;96.440590;12.883821;,
   -4.687819;101.974052;12.214048;,
   0.000002;101.964783;12.372934;,
   0.000002;96.440590;13.056858;,
   0.000002;92.035156;11.837378;,
   -9.849697;94.422531;-12.441948;,
   -14.999420;94.507126;-6.094648;,
   -15.019562;94.507126;-1.292354;,
   -15.111596;94.507126;3.509335;,
   -9.640508;92.862968;9.632560;,
   -4.658467;92.116814;11.678573;,
   6.798561;92.659340;-21.789236;,
   0.000002;92.449402;-14.304187;,
   0.000002;92.468521;-22.198864;,
   4.570254;92.363037;-13.942999;,
   9.683771;92.867622;-12.160550;,
   14.210860;92.664772;-18.868969;,
   14.343482;93.062195;-6.014416;,
   20.262829;90.781395;-10.669628;,
   23.112677;89.866325;-1.371838;,
   14.183220;93.144196;-1.289510;,
   14.296768;92.951576;3.276612;,
   20.289581;88.560760;8.283239;,
   9.425321;91.323975;9.533375;,
   10.900216;87.142677;18.489092;,
   4.693991;90.562050;11.701354;,
   5.587307;86.678871;19.613667;,
   0.000002;90.480408;11.879116;,
   0.000002;86.676590;19.971508;,
   14.358884;94.212410;-18.936415;,
   20.894474;92.216515;-10.768425;,
   23.868616;91.251320;-1.376077;,
   20.818439;90.032173;8.377014;,
   11.003843;88.694855;18.473560;,
   5.560705;88.233444;19.573505;,
   -5.560701;88.233444;19.573505;,
   -10.900212;87.142677;18.489092;,
   -5.587304;86.678871;19.613667;,
   0.000002;88.230515;19.964569;,
   0.000002;92.035156;11.837378;,
   -4.658467;92.116814;11.678573;,
   -11.003839;88.694855;18.473560;,
   -9.640508;92.862968;9.632560;,
   -20.818436;90.032173;8.377014;,
   -15.111596;94.507126;3.509335;,
   -23.868612;91.251320;-1.376077;,
   -15.019562;94.507126;-1.292354;,
   -14.999420;94.507126;-6.094648;,
   -20.894470;92.216515;-10.768425;,
   -14.358880;94.212410;-18.936415;,
   -9.849697;94.422531;-12.441948;,
   -6.726320;94.212929;-21.762566;,
   -6.798557;92.659340;-21.789236;,
   0.000002;94.024002;-22.158195;,
   -4.658467;94.395615;-15.478141;,
   0.000002;94.211449;-15.636944;,
   0.000002;108.885986;-12.193675;,
   -4.402993;117.003990;-11.908161;,
   0.000002;116.990166;-11.908161;,
   -4.367062;108.897491;-12.193675;,
   -9.331887;116.273186;-10.117035;,
   -9.239288;108.287895;-10.354566;,
   -13.990991;114.162071;-4.896885;,
   -14.129856;106.956184;-4.994570;,
   -13.990991;114.162071;2.364435;,
   -14.129856;106.956184;2.461279;,
   -9.239288;108.287895;7.864168;,
   -9.331887;116.273186;7.626361;,
   -4.367062;108.897491;9.703286;,
   -4.402993;117.003990;9.417492;,
   0.000002;116.990173;9.417491;,
   0.000002;124.732010;10.435818;,
   -4.438924;124.748154;10.435820;,
   0.000002;101.964844;-14.014165;,
   -4.331131;101.974052;-14.014165;,
   -9.146690;101.485649;-11.869103;,
   -14.268723;99.750290;-5.617420;,
   -14.268723;99.750298;3.078778;,
   -9.146690;101.485649;9.380492;,
   -4.331131;101.974052;11.525561;,
   0.000002;108.885986;9.703286;,
   0.000002;101.964783;-14.861545;,
   -4.687819;101.974052;-14.702659;,
   -9.898175;101.485649;-12.441946;,
   -15.226792;99.428368;-6.093442;,
   -15.259180;99.428375;-1.292055;,
   -15.291567;99.428375;3.509335;,
   -9.859776;101.485649;10.128053;,
   -4.687819;101.974052;12.214048;,
   0.000002;101.964783;12.372934;,
   0.000002;101.964851;11.525561;,
   -10.900212;87.142677;18.489092;,
   -5.560701;88.233444;19.573505;,
   -11.003839;88.694855;18.473560;,
   -20.289577;88.560760;8.283239;,
   -9.425317;91.323975;9.533375;,
   -4.693987;90.562050;11.701354;,
   -5.587304;86.678871;19.613667;,
   0.000002;90.480408;11.879116;,
   -20.818436;90.032173;8.377014;,
   -23.112673;89.866325;-1.371838;,
   -14.296764;92.951576;3.276612;,
   -23.868612;91.251320;-1.376077;,
   -20.262825;90.781395;-10.669628;,
   -14.343478;93.062195;-6.014416;,
   -14.183216;93.144196;-1.289510;,
   -20.894470;92.216515;-10.768425;,
   -14.210856;92.664772;-18.868969;,
   -9.683767;92.867622;-12.160550;,
   -6.798557;92.659340;-21.789236;,
   -4.570250;92.363037;-13.942999;,
   0.000002;92.449402;-14.304187;,
   -14.358880;94.212410;-18.936415;,
   63.723881;39.194439;4.291168;,
   62.855637;39.529346;7.735919;,
   64.080124;38.572578;4.507395;,
   62.296669;40.315449;7.592097;,
   0.000002;38.645756;25.475245;,
   -11.016562;19.499159;29.760647;,
   0.000002;19.115915;33.871468;,
   -8.856912;23.087357;27.819145;,
   0.000002;22.745171;27.846624;,
   0.000002;22.745216;29.656906;,
   8.859690;23.087564;-25.872732;,
   0.000002;22.744257;-25.895420;,
   0.000002;22.746111;-27.702496;,
   0.000002;38.645760;-27.299639;,
   11.016562;19.499163;-27.815964;,
   0.000002;19.117773;-31.906885;,
   -11.016559;19.499163;-27.815964;,
   -9.368538;39.084927;-23.078888;,
   -21.231310;21.361813;-21.604761;,
   0.000002;22.746111;-27.702496;,
   11.016562;19.499163;-27.815964;,
   8.859690;23.087564;-25.872732;,
