xof 0303txt 0032
template VertexDuplicationIndices {
 <b8d65549-d7c9-4995-89cf-53a9a8b031e3>
 DWORD nIndices;
 DWORD nOriginalVertices;
 array DWORD indices[nIndices];
}

template EffectParamDWord {
 <e13963bc-ae51-4c5d-b00f-cfa3a9d97ce5>
 STRING ParamName;
 DWORD Value;
}

template FVFData {
 <b6e70a0e-8ef9-4e83-94ad-ecc8b0c04897>
 DWORD dwFVF;
 DWORD nDWords;
 array DWORD data[nDWords];
}

template EffectFloats {
 <f1cfe2b3-0de3-4e28-afa1-155a750a282d>
 DWORD nFloats;
 array FLOAT Floats[nFloats];
}

template EffectString {
 <d55b097e-bdb6-4c52-b03d-6051c89d0e42>
 STRING Value;
}

template EffectDWord {
 <622c0ed0-956e-4da9-908a-2af94f3ce716>
 DWORD Value;
}

template EffectInstance {
 <e331f7e4-0559-4cc2-8e99-1cec1657928f>
 STRING EffectFilename;
 [...]
}

template AnimTicksPerSecond {
 <9e415a43-7ba6-4a73-8743-b73d47e88476>
 DWORD AnimTicksPerSecond;
}

template VertexElement {
 <f752461c-1e23-48f6-b9f8-8350850f336f>
 DWORD Type;
 DWORD Method;
 DWORD Usage;
 DWORD UsageIndex;
}

template DeclData {
 <bf22e553-292c-4781-9fea-62bd554bdd93>
 DWORD nElements;
 array VertexElement Elements[nElements];
 DWORD nDWords;
 array DWORD data[nDWords];
}

template EffectParamFloats {
 <3014b9a0-62f5-478c-9b86-e4ac9f4e418b>
 STRING ParamName;
 DWORD nFloats;
 array FLOAT Floats[nFloats];
}

template EffectParamString {
 <1dbc4c88-94c1-46ee-9076-2c28818c9481>
 STRING ParamName;
 STRING Value;
}


AnimTicksPerSecond {
 4800;
}

Frame {
 

 FrameTransformMatrix {
  1.000000,0.000000,0.000000,0.000000,0.000000,1.000000,0.000000,0.000000,0.000000,0.000000,1.000000,0.000000,0.000000,0.000000,0.000000,1.000000;;
 }

 Frame BadgeS01 {
  

  FrameTransformMatrix {
   -0.172011,0.091070,-0.980877,0.000000,-0.076310,0.991494,0.105437,0.000000,0.982135,0.092987,-0.163598,0.000000,1.298934,33.820347,5.117086,1.000000;;
  }

  Frame BadgeS01-Pelvis {
   

   FrameTransformMatrix {
    0.000000,1.000000,0.000000,0.000000,-0.000001,0.000000,1.000000,0.000000,1.000000,0.000000,0.000001,0.000000,0.000000,0.000000,0.000000,1.000000;;
   }

   Frame BadgeS01-Spine {
    

    FrameTransformMatrix {
     0.993120,0.037938,0.110782,0.000000,-0.031252,0.997620,-0.061473,0.000000,-0.112851,0.057588,0.991942,0.000000,5.749328,0.000009,-0.009541,1.000000;;
    }

    Frame BadgeS01-Spine1 {
     

     FrameTransformMatrix {
      0.928526,0.087651,0.360773,0.000000,-0.067549,0.995398,-0.067981,0.000000,-0.365071,0.038752,0.930173,0.000000,11.982406,0.000000,-0.009532,1.000000;;
     }

     Frame BadgeS01-Spine2 {
      

      FrameTransformMatrix {
       0.956068,0.103242,0.274362,0.000000,-0.080959,0.992521,-0.091368,0.000000,-0.281743,0.065142,0.957276,0.000000,11.980446,0.000000,-0.009237,1.000000;;
      }

      Frame BadgeS01-Neck {
       

       FrameTransformMatrix {
        0.947925,-0.009477,0.318352,0.000000,-0.001555,0.999408,0.034383,0.000000,-0.318489,-0.033088,0.947349,0.000000,11.987946,0.000000,-0.010948,1.000000;;
       }

       Frame BadgeS01-L-Clavicle {
        

        FrameTransformMatrix {
         -0.066822,0.895859,0.439285,0.000000,0.954237,0.186002,-0.234171,0.000000,-0.291492,0.403534,-0.867291,0.000000,-0.000004,4.019172,0.012063,1.000000;;
        }

        Frame BadgeS01-L-UpperArm {
         

         FrameTransformMatrix {
          0.613232,0.266885,-0.743451,0.000000,0.779593,-0.052917,0.624047,0.000000,0.127208,-0.962274,-0.240512,0.000000,20.480864,0.000008,-0.000007,1.000000;;
         }

         Frame BadgeS01-L-Forearm {
          

          FrameTransformMatrix {
           0.321057,0.000000,-0.947059,0.000000,0.000000,1.000000,0.000000,0.000000,0.947059,0.000000,0.321057,0.000000,14.998434,-0.000002,-0.000007,1.000000;;
          }

          Frame BadgeS01-L-Hand {
           

           FrameTransformMatrix {
            0.488787,-0.769291,0.411433,0.000000,-0.685855,-0.630311,-0.363744,0.000000,0.539157,-0.104390,-0.835710,0.000000,14.998440,0.000002,0.000002,1.000000;;
           }

           Frame BadgeS01-L-Finger0 {
            

            FrameTransformMatrix {
             0.701126,-0.712771,-0.019455,0.000000,-0.018610,0.008984,-0.999787,0.000000,0.712794,0.701339,-0.006966,0.000000,4.374538,-2.171509,-0.001732,1.000000;;
            }

            Frame BadgeS01-L-Finger01 {
             

             FrameTransformMatrix {
              1.000000,-0.000001,-0.000001,0.000000,0.000001,1.000000,-0.000002,0.000000,0.000001,0.000002,1.000000,0.000000,3.162643,-0.000011,-0.000000,1.000000;;
             }
            }
           }

           Frame BadgeS01-L-Finger1 {
            

            FrameTransformMatrix {
             0.956521,-0.291664,-0.000232,0.000000,0.291664,0.956521,0.000762,0.000000,-0.000000,-0.000796,1.000000,0.000000,6.249350,-0.000008,0.000004,1.000000;;
            }

            Frame BadgeS01-L-Finger11 {
             

             FrameTransformMatrix {
              1.000000,-0.000000,-0.000001,0.000000,-0.000000,1.000000,-0.000002,0.000000,0.000001,0.000002,1.000000,0.000000,2.654934,0.000000,-0.000008,1.000000;;
             }
            }
           }

           Frame BadgeS01-StaffBone1 {
            

            FrameTransformMatrix {
             0.046226,-0.015003,-0.998818,0.000000,0.274832,0.961491,-0.001723,0.000000,0.960381,-0.274427,0.048569,0.000000,3.449129,-4.627822,20.736757,1.000000;;
            }
           }
          }
         }
        }
       }

       Frame BadgeS01-R-Clavicle {
        

        FrameTransformMatrix {
         -0.105381,-0.938755,0.328077,0.000000,-0.945986,0.196353,0.257983,0.000000,-0.306602,-0.283170,-0.908741,0.000000,0.000000,-4.019174,0.012089,1.000000;;
        }

        Frame BadgeS01-R-UpperArm {
         

         FrameTransformMatrix {
          0.603109,-0.207049,-0.770319,0.000000,-0.796837,-0.200226,-0.570053,0.000000,-0.036208,0.957623,-0.285742,0.000000,20.480858,-0.000007,-0.000008,1.000000;;
         }

         Frame BadgeS01-R-Forearm {
          

          FrameTransformMatrix {
           0.339015,0.000000,-0.940781,0.000000,0.000000,1.000000,0.000000,0.000000,0.940781,0.000000,0.339015,0.000000,14.998440,0.000005,0.000000,1.000000;;
          }

          Frame BadgeS01-R-Hand {
           

           FrameTransformMatrix {
            0.634520,0.075099,0.769249,0.000000,0.772898,-0.066008,-0.631086,0.000000,0.003382,0.994989,-0.099927,0.000000,14.998434,-0.000000,0.000011,1.000000;;
           }

           Frame BadgeS01-R-Finger0 {
            

            FrameTransformMatrix {
             0.651061,0.758069,0.038091,0.000000,-0.049926,-0.007304,0.998726,0.000000,0.757382,-0.652134,0.033092,0.000000,4.374544,2.171503,-0.001724,1.000000;;
            }

            Frame BadgeS01-R-Finger01 {
             

             FrameTransformMatrix {
              0.894434,0.000078,0.447200,0.000000,-0.000061,1.000000,-0.000053,0.000000,-0.447200,0.000021,0.894434,0.000000,2.808609,-0.000000,-0.000007,1.000000;;
             }
            }
           }

           Frame BadgeS01-R-Finger1 {
            

            FrameTransformMatrix {
             0.982247,0.187591,-0.000149,0.000000,-0.187591,0.982247,-0.000782,0.000000,-0.000000,0.000796,1.000000,0.000000,6.249356,-0.000006,-0.000001,1.000000;;
            }

            Frame BadgeS01-R-Finger11 {
             

             FrameTransformMatrix {
              0.860339,0.509722,0.000068,0.000000,-0.509722,0.860339,-0.000044,0.000000,-0.000081,0.000004,1.000000,0.000000,2.895065,-0.000013,-0.000002,1.000000;;
             }
            }
           }

           Frame BadgeS01-R-Give {
            

            FrameTransformMatrix {
             0.971360,0.000003,0.237611,0.000000,-0.000004,1.000000,0.000006,0.000000,-0.237611,-0.000007,0.971360,0.000000,6.960262,3.280991,-9.811866,1.000000;;
            }
           }
          }
         }
        }
       }

       Frame BadgeS01-Head {
        

        FrameTransformMatrix {
         0.592362,-0.177160,-0.785953,0.000000,0.175063,0.980519,-0.089074,0.000000,0.786423,-0.084827,0.611837,0.000000,15.169259,0.000000,0.000000,1.000000;;
        }

        Frame BadgeS01_Mask00 {
         

         FrameTransformMatrix {
          0.040400,-0.000003,-0.999184,0.000000,0.000003,1.000000,-0.000003,0.000000,0.999184,-0.000003,0.040400,0.000000,5.171617,-0.000011,-3.800298,1.000000;;
         }

         Frame BadgeS01_Mask01 {
          

          FrameTransformMatrix {
           -0.843626,0.000002,0.536931,0.000000,-0.000001,1.000000,-0.000005,0.000000,-0.536931,-0.000005,-0.843626,0.000000,5.368418,0.000000,0.005333,1.000000;;
          }

          Frame BadgeS01_Mask-Main {
           

           FrameTransformMatrix {
            0.765269,0.000001,0.643710,0.000000,-0.000002,1.000000,-0.000000,0.000000,-0.643711,-0.000001,0.765269,0.000000,7.951266,0.000001,-0.006110,1.000000;;
           }
          }
         }
        }
       }
      }
     }
    }

    Frame BadgeS01-L-Thigh {
     

     FrameTransformMatrix {
      -0.803635,0.248270,0.540862,0.000000,-0.141201,-0.962418,0.231973,0.000000,0.578128,0.110051,0.808490,0.000000,-5.749211,9.943594,-0.036012,1.000000;;
     }

     Frame BadgeS01-L-Calf {
      

      FrameTransformMatrix {
       0.838753,0.000000,-0.544512,0.000000,0.000000,1.000000,0.000000,0.000000,0.544512,0.000000,0.838753,0.000000,21.979780,0.000002,-0.000000,1.000000;;
      }

      Frame BadgeS01-L-Foot {
       

       FrameTransformMatrix {
        0.884999,0.181513,-0.428753,0.000000,-0.085407,0.968541,0.233741,0.000000,0.457692,-0.170242,0.872660,0.000000,9.493716,0.000000,0.000002,1.000000;;
       }

       Frame BadgeS01-L-Toe0 {
        

        FrameTransformMatrix {
         -0.432797,0.000015,0.901491,0.000000,-0.000016,1.000000,-0.000024,0.000000,-0.901491,-0.000025,-0.432797,0.000000,5.749397,-0.000000,5.264859,1.000000;;
        }
       }
      }
     }
    }

    Frame BadgeS01-R-Thigh {
     

     FrameTransformMatrix {
      -0.950402,-0.135188,0.280106,0.000000,0.212126,-0.940374,0.265893,0.000000,0.227458,0.312123,0.922411,0.000000,-5.749215,-9.943594,-0.035956,1.000000;;
     }

     Frame BadgeS01-R-Calf {
      

      FrameTransformMatrix {
       0.399806,0.000000,-0.916599,0.000000,0.000000,1.000000,0.000000,0.000000,0.916599,0.000000,0.399806,0.000000,21.979778,-0.000001,0.000000,1.000000;;
      }

      Frame BadgeS01-R-Foot {
       

       FrameTransformMatrix {
        0.605672,-0.196347,0.771109,0.000000,0.634774,0.703579,-0.319435,0.000000,-0.479816,0.682952,0.550774,0.000000,9.493719,0.000001,-0.000000,1.000000;;
       }

       Frame BadgeS01-R-Toe0 {
        

        FrameTransformMatrix {
         0.001649,-0.001191,0.999998,0.000000,0.001297,0.999998,0.001188,0.000000,-0.999997,0.001295,0.001651,0.000000,5.749398,-0.000000,5.264861,1.000000;;
        }
       }
      }
     }
    }

    Frame BadgeS01-Tail {
     

     FrameTransformMatrix {
      -0.989879,-0.067174,0.125012,0.000000,-0.060371,0.996522,0.057441,0.000000,-0.128435,0.049312,-0.990491,0.000000,-3.497830,-0.000047,-16.358698,1.000000;;
     }

     Frame BadgeS01-Tail1 {
      

      FrameTransformMatrix {
       0.969197,0.000003,0.246284,0.000000,-0.000002,1.000000,-0.000004,0.000000,-0.246284,0.000003,0.969198,0.000000,7.512774,0.000000,-0.005808,1.000000;;
      }
     }
    }
   }
  }
 }

 Frame BadgeS_Base {
  

  FrameTransformMatrix {
   1.000000,0.000000,0.000000,0.000000,0.000000,1.000000,0.000000,0.000000,0.000000,0.000000,1.000000,0.000000,0.000000,0.000000,0.000000,1.000000;;
  }

  Mesh BadgeS_Base {
   3224;
   65.121674;70.441620;59.238514;,
   65.960670;71.765419;40.579910;,
   65.121674;71.764122;59.238514;,
   65.960670;69.367523;41.693413;,
   65.691170;71.125923;39.893211;,
   65.691170;69.240822;40.433613;,
   65.455368;68.766823;39.175114;,
   65.455368;70.552917;38.796215;,
   65.475769;70.229721;37.412415;,
   65.475769;68.296021;37.680912;,
   63.487476;70.246521;18.881712;,
   63.487476;69.036217;18.881712;,
   65.540375;70.566315;14.789714;,
   65.540375;69.115715;14.288512;,
   67.022972;71.513519;10.697813;,
   67.022972;69.195122;9.695310;,
   67.804176;72.872719;8.746610;,
   67.804176;69.354118;7.982313;,
   67.699677;70.870018;5.513311;,
   67.699677;73.535316;5.867113;,
   65.682373;72.860619;2.993612;,
   63.611477;70.441620;59.238514;,
   62.772472;69.367523;41.693413;,
   63.041969;69.240822;40.433613;,
   62.429668;68.766823;39.175114;,
   61.725273;68.296021;37.680912;,
   61.139973;69.036217;18.881712;,
   63.192776;69.115715;14.288512;,
   63.623772;69.195122;9.695310;,
   63.355572;69.354118;7.982313;,
   62.947071;70.870018;5.513311;,
   63.050770;70.972015;2.996912;,
   65.682373;70.972015;2.996912;,
   65.529877;72.185822;0.120012;,
   65.529877;69.876816;0.221212;,
   66.477974;69.094017;-2.773890;,
   66.477974;71.798416;-2.528486;,
   64.474373;71.895119;-5.177092;,
   62.772472;71.765419;40.579910;,
   63.041969;71.125923;39.893211;,
   62.429668;70.552917;38.796215;,
   61.725273;70.229721;37.412415;,
   61.139973;70.246521;18.881712;,
   63.192871;70.566315;14.789714;,
   63.623772;71.513519;10.697813;,
   63.355572;72.872719;8.746610;,
   62.947071;73.535316;5.867113;,
   63.050770;72.860619;2.993612;,
   61.871269;72.185822;0.120012;,
   61.871269;69.876816;0.221212;,
   63.611477;71.764122;59.238514;,
   65.960670;71.765419;40.579910;,
   65.691170;71.125923;39.893211;,
   65.455368;70.552917;38.796215;,
   65.475769;70.229721;37.412415;,
   63.487476;70.246521;18.881712;,
   65.540375;70.566315;14.789714;,
   67.022972;71.513519;10.697813;,
   67.804176;72.872719;8.746610;,
   67.699677;73.535316;5.867113;,
   65.682373;72.860619;2.993612;,
   65.529877;72.185822;0.120012;,
   60.579777;71.798416;-2.528486;,
   60.579777;69.094017;-2.773890;,
   61.045074;68.879318;-5.769087;,
   64.474373;68.879318;-5.769087;,
   63.384373;69.445618;-8.980886;,
   63.384373;72.550720;-8.271689;,
   65.121674;71.764122;59.238514;,
   63.611477;70.441620;59.238514;,
   65.121674;70.441620;59.238514;,
   61.045074;71.895119;-5.177092;,
   61.000973;69.445618;-8.980886;,
   62.192673;67.898918;-13.740789;,
   64.702873;68.777519;-13.740789;,
   66.142670;71.634918;-13.071691;,
   65.724670;74.492218;-12.402685;,
   67.531471;72.096718;-18.382788;,
   66.437370;75.883514;-17.823790;,
   65.183075;75.667519;-22.934187;,
   66.132172;72.377319;-23.597486;,
   63.760372;75.110214;-25.747389;,
   64.234772;72.731621;-26.355787;,
   62.192673;73.641716;-28.562590;,
   64.474373;71.895119;-5.177092;,
   63.384373;72.550720;-8.271689;,
   61.000973;72.550720;-8.271689;,
   58.242668;71.634918;-13.071691;,
   59.682571;68.777519;-13.740789;,
   62.192673;67.363716;-18.941885;,
   66.490974;68.309914;-18.941885;,
   65.220871;69.087219;-24.260786;,
   63.780174;70.170319;-26.964186;,
   62.986469;71.710014;-28.217983;,
   61.398972;71.710014;-28.217983;,
   60.150677;72.731621;-26.355787;,
   60.625076;75.110214;-25.747389;,
   62.192673;75.928719;-25.747389;,
   63.760372;75.110214;-25.747389;,
   62.192673;76.684517;-22.934187;,
   65.183075;75.667519;-22.934187;,
   66.477974;71.798416;-2.528486;,
   59.202374;75.667519;-22.934187;,
   62.192673;76.829720;-17.823790;,
   66.437370;75.883514;-17.823790;,
   62.192673;75.370819;-12.402685;,
   65.724670;74.492218;-12.402685;,
   58.660671;74.492218;-12.402685;,
   56.853970;72.096718;-18.382788;,
   57.894367;68.309914;-18.941885;,
   59.164577;69.087219;-24.260786;,
   62.192673;68.070213;-24.260786;,
   58.253273;72.377319;-23.597486;,
   57.948078;75.883514;-17.823790;,
   60.605274;70.170319;-26.964186;,
   62.192673;69.534416;-26.964186;,
   7.890300;108.574402;-2.345800;,
   9.012100;105.651802;-2.530300;,
   8.163299;108.756195;-2.251400;,
   8.707501;105.585701;-2.614400;,
   8.707501;105.585701;-2.614400;,
   8.972400;102.924004;-2.953600;,
   9.012100;105.651802;-2.530300;,
   8.669300;102.959503;-3.021900;,
   8.338700;100.033600;-4.123700;,
   8.972400;102.924004;-2.953600;,
   8.669300;102.959503;-3.021900;,
   8.629000;99.884903;-4.098000;,
   7.731200;97.635902;-5.174200;,
   8.629000;99.884903;-4.098000;,
   8.338700;100.033600;-4.123700;,
   7.998000;97.394402;-5.189100;,
   5.550700;94.845398;-8.052200;,
   7.998000;97.394402;-5.189100;,
   7.731200;97.635902;-5.174200;,
   5.733100;94.495903;-8.178600;,
   0.836200;92.166000;-12.004500;,
   2.421400;91.843399;-11.232700;,
   2.362400;92.291702;-10.992601;,
   0.836200;91.712898;-12.283800;,
   -0.749000;91.843399;-11.232700;,
   -0.690000;92.291702;-10.992601;,
   2.362400;92.291702;-10.992601;,
   4.321100;93.035797;-9.705700;,
   4.191300;93.439697;-9.522400;,
   2.421400;91.843399;-11.232700;,
   4.191300;93.439697;-9.522400;,
   5.733100;94.495903;-8.178600;,
   5.550700;94.845398;-8.052200;,
   4.321100;93.035797;-9.705700;,
   9.012100;105.651802;-2.530300;,
   7.351900;107.717300;-6.606900;,
   8.163299;108.756195;-2.251400;,
   7.962900;105.121002;-6.954700;,
   5.891000;107.152603;-11.248600;,
   6.429700;104.700897;-11.373901;,
   4.004100;106.664200;-13.925000;,
   4.381300;104.392700;-14.020400;,
   2.299200;106.331902;-15.150400;,
   2.498200;104.173302;-15.150400;,
   0.836200;106.131302;-15.826101;,
   0.836200;104.133797;-15.778499;,
   -0.825800;104.173302;-15.150400;,
   -0.626800;106.331902;-15.150400;,
   -2.708900;104.392700;-14.020400;,
   -2.331700;106.664200;-13.925000;,
   -4.757300;104.700897;-11.373901;,
   -4.218600;107.152603;-11.248600;,
   -6.290500;105.121002;-6.954700;,
   -5.679600;107.717300;-6.606900;,
   8.972400;102.924004;-2.953600;,
   8.096200;102.567703;-7.422400;,
   6.647000;102.087898;-11.454100;,
   4.535900;101.710899;-14.076600;,
   2.651400;101.527199;-15.150400;,
   0.836200;101.454903;-15.730899;,
   -0.979000;101.527199;-15.150400;,
   -2.863500;101.710899;-14.076600;,
   -4.974600;102.087898;-11.454100;,
   -6.423800;102.567703;-7.422400;,
   -7.300000;102.924004;-2.953600;,
   -7.339700;105.651802;-2.530300;,
   -6.490900;108.756195;-2.251400;,
   8.629000;99.884903;-4.098000;,
   7.888900;99.569504;-8.104100;,
   6.575500;99.230003;-11.568499;,
   4.600600;98.790901;-14.004000;,
   2.672200;98.462097;-14.904200;,
   0.836200;98.245697;-15.435299;,
   -0.999800;98.462097;-14.904200;,
   -2.928200;98.790901;-14.004000;,
   -4.903100;99.230003;-11.568499;,
   -6.216500;99.569504;-8.104100;,
   -6.956600;99.884903;-4.098000;,
   7.998000;97.394402;-5.189100;,
   7.190900;97.236603;-8.970700;,
   6.151400;96.986099;-11.622501;,
   4.397900;96.690201;-13.676501;,
   2.664700;96.385696;-14.454800;,
   0.836200;96.037003;-14.974200;,
   -0.992300;96.385696;-14.454800;,
   -2.725500;96.690201;-13.676501;,
   -4.479000;96.986099;-11.622501;,
   -5.518500;97.236603;-8.970700;,
   -6.325600;97.394402;-5.189100;,
   5.733100;94.495903;-8.178600;,
   5.261500;94.558403;-10.342800;,
   4.824600;94.473000;-11.793000;,
   3.716200;94.290901;-13.186800;,
   2.542100;94.082703;-13.783200;,
   0.836200;93.828400;-14.291000;,
   -0.869700;94.082703;-13.783200;,
   -2.043800;94.290901;-13.186800;,
   -3.152200;94.473000;-11.793000;,
   -3.589100;94.558403;-10.342800;,
   -4.060700;94.495903;-8.178600;,
   4.321100;93.035797;-9.705700;,
   3.868100;93.330704;-11.444899;,
   2.508400;93.167702;-13.271300;,
   0.836200;92.968399;-13.896000;,
   -0.836000;93.167702;-13.271300;,
   -2.195700;93.330704;-11.444899;,
   -2.648700;93.035797;-9.705700;,
   2.421400;91.843399;-11.232700;,
   2.474700;92.406403;-12.524000;,
   0.836200;92.210197;-13.368400;,
   -0.802300;92.406403;-12.524000;,
   -0.749000;91.843399;-11.232700;,
   0.836200;91.712898;-12.283800;,
   -7.035100;105.585701;-2.614400;,
   -5.436800;107.574211;-6.539100;,
   -6.217900;108.574402;-2.345800;,
   -6.024900;105.074600;-6.873900;,
   -4.030300;107.030502;-11.007800;,
   -4.548900;104.670097;-11.128500;,
   -2.213600;106.560303;-13.584600;,
   -2.576800;104.373398;-13.676400;,
   -0.572300;106.240402;-14.764301;,
   -0.763900;104.162201;-14.764301;,
   0.836200;106.047302;-15.414800;,
   0.836200;104.124100;-15.369000;,
   2.436300;104.162201;-14.764301;,
   2.244600;106.240402;-14.764301;,
   4.249200;104.373398;-13.676400;,
   3.886000;106.560303;-13.584600;,
   6.221300;104.670097;-11.128500;,
   5.702700;107.030502;-11.007800;,
   7.697300;105.074600;-6.873900;,
   7.109200;107.574211;-6.539100;,
   -6.996900;102.959503;-3.021900;,
   -6.153400;102.616402;-7.324200;,
   -4.758100;102.154503;-11.205700;,
   -2.725700;101.791603;-13.730501;,
   -0.911400;101.614700;-14.764301;,
   0.836200;101.545097;-15.323200;,
   2.583800;101.614700;-14.764301;,
   4.398100;101.791603;-13.730501;,
   6.430500;102.154503;-11.205700;,
   7.825800;102.616402;-7.324200;,
   8.669300;102.959503;-3.021900;,
   8.707501;105.585701;-2.614400;,
   7.890300;108.574402;-2.345800;,
   -6.666300;100.033600;-4.123700;,
   -5.953700;99.729897;-7.980600;,
   -4.689300;99.403099;-11.315900;,
   -2.787900;98.980301;-13.660600;,
   -0.931400;98.663803;-14.527200;,
   0.836200;98.455399;-15.038499;,
   2.603800;98.663803;-14.527200;,
   4.460300;98.980301;-13.660600;,
   6.361700;99.403099;-11.315900;,
   7.626100;99.729897;-7.980600;,
   8.338700;100.033600;-4.123700;,
   -6.058800;97.635902;-5.174200;,
   -5.281700;97.484001;-8.814800;,
   -4.280900;97.242798;-11.367800;,
   -2.592800;96.958000;-13.345300;,
   -0.924200;96.664703;-14.094600;,
   0.836200;96.329102;-14.594699;,
   2.596600;96.664703;-14.094600;,
   4.265200;96.958000;-13.345300;,
   5.953300;97.242798;-11.367800;,
   6.954100;97.484001;-8.814800;,
   7.731200;97.635902;-5.174200;,
   -3.878300;94.845398;-8.052200;,
   -3.424200;94.905602;-10.135800;,
   -3.003600;94.823303;-11.531901;,
   -1.936500;94.648003;-12.873901;,
   -0.806200;94.447502;-13.448000;,
   0.836200;94.202698;-13.936901;,
   2.478600;94.447502;-13.448000;,
   3.608900;94.648003;-12.873901;,
   4.676000;94.823303;-11.531901;,
   5.096600;94.905602;-10.135800;,
   5.550700;94.845398;-8.052200;,
   -2.518900;93.439697;-9.522400;,
   -2.082700;93.723503;-11.196800;,
   -0.773700;93.566704;-12.955200;,
   0.836200;93.374802;-13.556600;,
   2.446100;93.566704;-12.955200;,
   3.755100;93.723503;-11.196800;,
   4.191300;93.439697;-9.522400;,
   -0.690000;92.291702;-10.992601;,
   -0.741300;92.833702;-12.235700;,
   0.836200;92.644798;-13.048700;,
   2.413700;92.833702;-12.235700;,
   2.362400;92.291702;-10.992601;,
   0.836200;92.166000;-12.004500;,
   -6.217900;108.574402;-2.345800;,
   -7.339700;105.651802;-2.530300;,
   -7.035100;105.585701;-2.614400;,
   -6.490900;108.756195;-2.251400;,
   -7.035100;105.585701;-2.614400;,
   -7.300000;102.924004;-2.953600;,
   -6.996900;102.959503;-3.021900;,
   -7.339700;105.651802;-2.530300;,
   -6.666300;100.033600;-4.123700;,
   -7.300000;102.924004;-2.953600;,
   -6.956600;99.884903;-4.098000;,
   -6.996900;102.959503;-3.021900;,
   -6.058800;97.635902;-5.174200;,
   -6.956600;99.884903;-4.098000;,
   -6.325600;97.394402;-5.189100;,
   -6.666300;100.033600;-4.123700;,
   -3.878300;94.845398;-8.052200;,
   -6.325600;97.394402;-5.189100;,
   -4.060700;94.495903;-8.178600;,
   -6.058800;97.635902;-5.174200;,
   -0.690000;92.291702;-10.992601;,
   -2.648700;93.035797;-9.705700;,
   -0.749000;91.843399;-11.232700;,
   -2.518900;93.439697;-9.522400;,
   -2.518900;93.439697;-9.522400;,
   -4.060700;94.495903;-8.178600;,
   -2.648700;93.035797;-9.705700;,
   -3.878300;94.845398;-8.052200;,
   -8.833000;14.063800;-3.259300;,
   -7.127100;13.338300;-4.776800;,
   -8.202900;13.989800;-5.125600;,
   -7.807700;13.394100;-2.259600;,
   -6.753500;12.797300;-4.676700;,
   -7.533300;12.797300;-1.974300;,
   -9.396700;12.797300;-0.926100;,
   -9.582600;13.394100;-1.368500;,
   -11.969401;12.797300;-1.974300;,
   -11.784900;13.394100;-2.213000;,
   -13.563301;12.797300;-4.676700;,
   -13.221700;13.338300;-4.776800;,
   -12.843099;12.797300;-7.109100;,
   -12.357300;3.859800;-4.936100;,
   -10.964900;3.841500;-5.406700;,
   -10.092000;12.797300;-7.750700;,
   -9.171400;3.859800;-4.936100;,
   -7.883900;12.797300;-7.109100;,
   -6.753500;12.797300;-4.676700;,
   -7.127100;13.338300;-4.776800;,
   -9.863600;14.065200;-2.717800;,
   -10.894301;14.063800;-3.259300;,
   -12.273900;13.989800;-5.125600;,
   -12.592700;13.394900;-7.481800;,
   -10.189800;13.394900;-8.042100;,
   -8.169300;13.394900;-7.481800;,
   -8.202900;13.989800;-5.125600;,
   -9.026900;14.156200;-7.367800;,
   -10.248201;14.138899;-7.896500;,
   -11.769700;14.156200;-7.367800;,
   -9.026900;14.156200;-7.367800;,
   -7.405800;15.993499;-5.693300;,
   -8.202900;13.989800;-5.125600;,
   -8.179100;15.993499;-7.430900;,
   -3.676000;17.688499;-5.826300;,
   -4.799500;17.944099;-11.508900;,
   -1.669400;21.470200;-5.879500;,
   -2.976000;21.853500;-13.707400;,
   -9.766800;18.057600;-13.506000;,
   -9.628700;22.023701;-16.468201;,
   -16.698601;22.194000;-13.889699;,
   -15.159200;18.171101;-11.626600;,
   -19.631800;22.194000;-6.594900;,
   -17.402201;18.171101;-6.288100;,
   -12.323600;15.993499;-7.430900;,
   -13.288600;15.993499;-5.693300;,
   -15.159200;18.171101;-0.649100;,
   -12.323600;15.993499;-4.002900;,
   -9.766800;18.057600;1.230300;,
   -10.036300;15.993499;-8.024100;,
   -10.248201;14.138899;-7.896500;,
   -11.769700;14.156200;-7.367800;,
   -12.273900;13.989800;-5.125600;,
   -10.894301;14.063800;-3.259300;,
   -10.036300;15.993499;-3.409700;,
   -8.179100;15.993499;-4.002900;,
   -4.799500;17.944099;-0.766700;,
   -3.676000;17.688499;-5.826300;,
   -7.405800;15.993499;-5.693300;,
   -8.202900;13.989800;-5.125600;,
   -8.833000;14.063800;-3.259300;,
   -9.863600;14.065200;-2.717800;,
   -13.309100;0.088800;-3.506300;,
   -10.520600;0.088800;-1.602200;,
   -11.847299;0.088800;-2.054200;,
   -8.190200;0.088800;-3.506300;,
   -9.193800;0.088800;-2.054200;,
   -8.145300;0.088800;-4.958400;,
   -14.079701;0.088800;-4.958400;,
   -7.754200;0.088800;-7.021400;,
   -15.121200;0.088800;-7.021400;,
   -8.718001;3.142100;-4.847100;,
   -8.446000;4.042800;-3.572000;,
   -8.597299;3.331100;-3.522800;,
   -9.171400;3.859800;-4.936100;,
   -6.753500;12.797300;-4.676700;,
   -10.996200;3.520200;-5.340500;,
   -10.964900;3.841500;-5.406700;,
   -12.357300;3.859800;-4.936100;,
   -13.489400;3.142100;-4.847100;,
   -12.902001;3.331100;-3.522800;,
   -12.900200;4.042800;-3.572000;,
   -13.563301;12.797300;-4.676700;,
   -11.969401;12.797300;-1.974300;,
   -11.637500;4.226100;-1.809200;,
   -10.426100;4.299800;-1.231100;,
   -9.396700;12.797300;-0.926100;,
   -9.239400;4.226100;-1.809200;,
   -7.533300;12.797300;-1.974300;,
   -8.446000;4.042800;-3.572000;,
   -6.753500;12.797300;-4.676700;,
   -8.540100;3.216700;-7.127800;,
   -11.437700;3.645500;-7.307900;,
   -14.335301;3.216700;-7.127800;,
   -14.079701;1.615400;-5.033900;,
   -13.309100;1.710000;-3.514600;,
   -11.847299;1.804500;-1.995200;,
   -11.688501;3.520200;-1.829100;,
   -10.520600;3.520200;-1.305000;,
   -9.359400;3.520200;-1.829100;,
   -8.597299;3.331100;-3.522800;,
   -15.121200;1.652800;-7.074600;,
   -15.121200;0.088800;-7.021400;,
   -14.079701;0.088800;-4.958400;,
   -13.309100;0.088800;-3.506300;,
   -11.847299;0.088800;-2.054200;,
   -10.520600;0.088800;-1.602200;,
   -10.520600;1.804500;-1.434900;,
   -9.193800;1.804500;-1.995200;,
   -8.190200;1.710000;-3.514600;,
   -8.718001;3.142100;-4.847100;,
   -8.145300;1.615400;-5.033900;,
   -8.540100;3.216700;-7.127800;,
   -7.754200;1.652800;-7.074600;,
   -7.754200;0.088800;-7.021400;,
   -8.145300;0.088800;-4.958400;,
   -8.190200;0.088800;-3.506300;,
   -9.193800;0.088800;-2.054200;,
   -15.121200;0.088800;-7.021400;,
   -7.957300;0.088800;-9.084300;,
   -7.754200;0.088800;-7.021400;,
   -15.951101;0.088800;-9.084300;,
   -15.769499;0.088800;-11.147300;,
   -7.727800;0.088800;-11.147300;,
   -13.074099;0.088800;-12.755999;,
   -9.273000;0.088800;-12.755999;,
   -11.173500;0.088800;-13.210200;,
   -8.553500;1.477000;-12.194800;,
   -7.727800;0.088800;-11.147300;,
   -9.273000;0.088800;-12.755999;,
   -7.727800;1.272800;-11.096000;,
   -7.957300;0.088800;-9.084300;,
   -7.957300;1.596600;-9.102700;,
   -7.754200;1.652800;-7.074600;,
   -7.754200;0.088800;-7.021400;,
   -8.411199;2.456700;-11.044599;,
   -8.862500;3.104300;-9.121000;,
   -8.540100;3.216700;-7.127800;,
   -15.121200;1.652800;-7.074600;,
   -15.951101;0.088800;-9.084300;,
   -15.121200;0.088800;-7.021400;,
   -15.951101;1.596600;-9.102700;,
   -15.769499;1.272800;-11.096000;,
   -15.769499;0.088800;-11.147300;,
   -14.337901;1.477000;-12.194800;,
   -13.074099;0.088800;-12.755999;,
   -11.445700;1.711000;-12.428500;,
   -11.173500;0.088800;-13.210200;,
   -9.273000;0.088800;-12.755999;,
   -8.553500;1.477000;-12.194800;,
   -8.411199;2.456700;-11.044599;,
   -11.748700;2.768600;-11.212300;,
   -8.862500;3.104300;-9.121000;,
   -11.800000;3.520200;-9.275400;,
   -11.437700;3.645500;-7.307900;,
   -8.540100;3.216700;-7.127800;,
   -15.017901;3.104300;-9.121000;,
   -15.086099;2.456700;-11.044599;,
   -14.335301;3.216700;-7.127800;,
   44.536598;70.779099;-0.963300;,
   38.894402;70.461800;-2.021600;,
   44.547001;70.407898;-2.021600;,
   38.894402;70.869400;-0.859800;,
   34.062599;70.931000;-2.021600;,
   34.078602;71.385101;-0.723400;,
   38.894402;71.996002;-0.439400;,
   34.122799;72.638100;-0.255900;,
   38.894402;73.122704;-0.859800;,
   34.167198;73.887802;-0.726700;,
   38.894402;73.530296;-2.021600;,
   34.183201;74.339203;-2.021600;,
   34.167198;73.887802;-3.316600;,
   38.894402;73.122704;-3.183500;,
   34.122799;72.638100;-3.787400;,
   38.894402;71.996002;-3.603900;,
   34.078602;71.385101;-3.319900;,
   38.894402;70.869400;-3.183500;,
   34.062599;70.931000;-2.021600;,
   38.894402;70.461800;-2.021600;,
   44.507900;71.805397;-0.580200;,
   44.479198;72.831902;-0.963000;,
   44.468800;73.203499;-2.021600;,
   44.479198;72.831902;-3.080300;,
   44.507900;71.805397;-3.463100;,
   44.536598;70.779099;-3.079900;,
   44.547001;70.407898;-2.021600;,
   -29.534899;71.893997;-3.427400;,
   -23.852301;71.542801;-2.021600;,
   -29.484198;71.405197;-2.021600;,
   -23.941000;72.193001;-3.896600;,
   -24.184401;73.978302;-4.563000;,
   -29.674202;73.238403;-3.929100;,
   -29.812597;74.572998;-3.417300;,
   -24.425600;75.746902;-3.879000;,
   -29.862400;75.053596;-2.021600;,
   -24.512300;76.382698;-2.021600;,
   -29.812597;74.572998;-0.626000;,
   -24.425600;75.746902;-0.164300;,
   -24.184401;73.978302;0.519700;,
   -29.674301;73.238403;-0.114200;,
   -29.534899;71.893997;-0.615900;,
   -23.941000;72.193001;-0.146600;,
   -23.852301;71.542801;-2.021600;,
   -29.484198;71.405197;-2.021600;,
   13.066800;0.088800;-12.755999;,
   9.265700;0.088800;-12.755999;,
   11.166200;0.088800;-13.210200;,
   7.720500;0.088800;-11.147300;,
   15.762200;0.088800;-11.147300;,
   7.950000;0.088800;-9.084300;,
   15.943699;0.088800;-9.084300;,
   15.113901;0.088800;-7.021400;,
   7.746900;0.088800;-7.021400;,
   14.072400;0.088800;-4.958400;,
   8.137900;0.088800;-4.958400;,
   13.301800;0.088800;-3.506300;,
   8.182901;0.088800;-3.506300;,
   10.513300;0.088800;-1.602200;,
   9.186499;0.088800;-2.054200;,
   11.840000;0.088800;-2.054200;,
   7.720500;0.088800;-11.147300;,
   8.546200;1.477000;-12.194800;,
   9.265700;0.088800;-12.755999;,
   7.720500;1.272800;-11.096000;,
   8.403900;2.456700;-11.044599;,
   7.950000;1.596600;-9.102700;,
   8.855200;3.104300;-9.121000;,
   8.532800;3.216700;-7.127800;,
   7.746900;1.652800;-7.074600;,
   8.137900;1.615400;-5.033900;,
   8.710700;3.142100;-4.847100;,
   8.182901;1.710000;-3.514600;,
   8.590000;3.331100;-3.522800;,
   9.186499;1.804500;-1.995200;,
   9.352100;3.520200;-1.829100;,
   9.232099;4.226100;-1.809200;,
   8.438700;4.042800;-3.572000;,
   7.526000;12.797300;-1.974300;,
   6.746200;12.797300;-4.676700;,
   7.950000;0.088800;-9.084300;,
   7.746900;0.088800;-7.021400;,
   8.137900;0.088800;-4.958400;,
   8.182901;0.088800;-3.506300;,
   9.186499;0.088800;-2.054200;,
   10.513300;0.088800;-1.602200;,
   10.513300;1.804500;-1.434900;,
   10.513300;3.520200;-1.305000;,
   10.418800;4.299800;-1.231100;,
   9.389399;12.797300;-0.926100;,
   11.840000;1.804500;-1.995200;,
   11.681200;3.520200;-1.829100;,
   11.630200;4.226100;-1.809200;,
   11.962100;12.797300;-1.974300;,
   11.840000;0.088800;-2.054200;,
   13.301800;1.710000;-3.514600;,
   12.894700;3.331100;-3.522800;,
   12.892901;4.042800;-3.572000;,
   13.556000;12.797300;-4.676700;,
   12.350000;3.859800;-4.936100;,
   12.835800;12.797300;-7.109100;,
   10.957600;3.841500;-5.406700;,
   10.084700;12.797300;-7.750700;,
   9.164100;3.859800;-4.936100;,
   7.876600;12.797300;-7.109100;,
   6.746200;12.797300;-4.676700;,
   8.438700;4.042800;-3.572000;,
   8.710700;3.142100;-4.847100;,
   8.590000;3.331100;-3.522800;,
   13.301800;0.088800;-3.506300;,
   14.072400;1.615400;-5.033900;,
   13.482099;3.142100;-4.847100;,
   14.072400;0.088800;-4.958400;,
   15.113901;0.088800;-7.021400;,
   15.113901;1.652800;-7.074600;,
   14.328000;3.216700;-7.127800;,
   11.430400;3.645500;-7.307900;,
   10.988900;3.520200;-5.340500;,
   8.532800;3.216700;-7.127800;,
   8.855200;3.104300;-9.121000;,
   11.792700;3.520200;-9.275400;,
   11.741300;2.768600;-11.212300;,
   8.403900;2.456700;-11.044599;,
   11.438400;1.711000;-12.428500;,
   8.546200;1.477000;-12.194800;,
   9.265700;0.088800;-12.755999;,
   11.166200;0.088800;-13.210200;,
   13.066800;0.088800;-12.755999;,
   14.330600;1.477000;-12.194800;,
   15.762200;0.088800;-11.147300;,
   15.762200;1.272800;-11.096000;,
   15.943699;0.088800;-9.084300;,
   15.943699;1.596600;-9.102700;,
   15.010600;3.104300;-9.121000;,
   15.078800;2.456700;-11.044599;,
   60.290298;72.209801;-4.165800;,
   61.353298;72.273804;-0.204100;,
   60.290298;72.209801;0.122500;,
   61.353298;72.273804;-3.839200;,
   63.000603;72.503998;-3.628400;,
   63.000603;72.503998;-0.414900;,
   64.736504;72.980797;-3.193400;,
   64.736504;72.980797;-0.849900;,
   65.821701;73.704002;-2.707000;,
   65.821701;73.704002;-1.336300;,
   66.426102;75.145599;-2.021600;,
   65.452301;74.604103;-1.281500;,
   64.736504;72.980797;-0.849900;,
   64.264603;74.339699;-0.320900;,
   63.000603;72.503998;-0.414900;,
   62.464199;74.046402;1.019500;,
   61.353298;72.273804;-0.204100;,
   60.122700;73.856201;1.769000;,
   60.290298;72.209801;0.122500;,
   57.466099;73.427803;1.525800;,
   59.647202;74.647697;-2.021600;,
   62.116402;74.975800;-2.021600;,
   62.464199;74.046402;-5.062700;,
   60.122700;73.856201;-5.812200;,
   57.465996;73.427803;-5.569100;,
   60.290298;72.209801;-4.165800;,
   61.353298;72.273804;-3.839200;,
   65.452301;74.604103;-2.761800;,
   65.094101;75.248802;-2.021600;,
   63.893799;75.153603;-2.021600;,
   64.736504;72.980797;-3.193400;,
   64.264603;74.339699;-3.722400;,
   63.000603;72.503998;-3.628400;,
   -0.003700;87.549896;2.726500;,
   6.779800;80.753197;-0.893100;,
   -0.003700;80.753197;-0.893100;,
   -6.787100;80.753197;-0.893100;,
   14.680701;78.055901;-15.639901;,
   13.934200;73.371399;-15.799901;,
   14.076800;73.931297;-17.617800;,
   14.484800;77.132202;-13.996501;,
   15.276200;80.459000;-11.569400;,
   14.680701;78.055901;-15.639901;,
   15.548800;81.704597;-12.978000;,
   14.484800;77.132202;-13.996501;,
   16.090300;85.220802;1.083400;,
   16.441601;84.292503;5.698200;,
   16.090300;82.818604;5.459300;,
   16.441601;86.927101;0.898900;,
   16.441601;86.892097;-4.770200;,
   15.412301;83.351501;-8.568200;,
   15.698000;84.876900;-9.686499;,
   16.090300;85.188904;-4.085700;,
   15.412301;83.351501;-8.568200;,
   15.548800;81.704597;-12.978000;,
   15.698000;84.876900;-9.686499;,
   15.276200;80.459000;-11.569400;,
   13.934200;73.371399;-15.799901;,
   11.515400;77.718803;-14.933400;,
   11.093200;73.859802;-17.374001;,
   14.484800;77.132202;-13.996501;,
   11.852400;81.074799;-12.296600;,
   15.276200;80.459000;-11.569400;,
   11.888100;84.035599;-9.110601;,
   15.412301;83.351501;-8.568200;,
   12.164300;85.787498;-4.724700;,
   16.090300;85.188904;-4.085700;,
   15.698000;84.876900;-9.686499;,
   12.135700;87.548599;-5.471100;,
   16.441601;86.892097;-4.770200;,
   11.832800;85.627296;-10.281299;,
   15.548800;81.704597;-12.978000;,
   11.793600;82.379997;-13.775501;,
   14.680701;78.055901;-15.639901;,
   11.424100;78.699303;-16.667400;,
   14.076800;73.931297;-17.617800;,
   10.961001;74.466904;-19.344200;,
   9.446500;83.417099;4.202800;,
   16.090300;85.220802;1.083400;,
   16.090300;82.818604;5.459300;,
   11.002800;85.819397;-0.020100;,
   11.888100;84.035599;-9.110601;,
   12.135700;87.548599;-5.471100;,
   11.832800;85.627296;-10.281299;,
   12.164300;85.787498;-4.724700;,
   11.888100;84.035599;-9.110601;,
   11.793600;82.379997;-13.775501;,
   11.852400;81.074799;-12.296600;,
   11.832800;85.627296;-10.281299;,
   11.515400;77.718803;-14.933400;,
   11.793600;82.379997;-13.775501;,
   11.424100;78.699303;-16.667400;,
   11.852400;81.074799;-12.296600;,
   11.093200;73.859802;-17.374001;,
   11.424100;78.699303;-16.667400;,
   10.961001;74.466904;-19.344200;,
   11.515400;77.718803;-14.933400;,
   15.231000;76.692497;-10.984901;,
   9.418300;85.161797;-9.858499;,
   11.105500;85.117500;-8.574099;,
   12.572200;76.644203;-14.901200;,
   15.053099;68.029602;-16.261700;,
   18.861200;68.584602;-9.979900;,
   20.446699;61.841599;-12.226600;,
   22.342899;61.195099;-3.346000;,
   20.683399;67.722702;-2.281400;,
   20.446699;61.841599;5.213200;,
   18.861200;68.584602;3.846200;,
   15.059400;68.029602;7.993700;,
   15.231000;76.692497;6.316800;,
   12.539100;76.644203;6.872500;,
   11.105500;85.117500;4.214100;,
   9.418300;85.161797;4.285800;,
   9.847100;76.595901;7.871300;,
   7.731000;85.206100;4.357500;,
   4.463300;76.499298;9.063100;,
   19.096600;78.018898;2.293800;,
   17.206100;79.071503;6.888600;,
   15.676200;74.725601;4.717000;,
   20.626499;82.911400;4.715200;,
   15.602200;85.099998;3.441500;,
   14.666200;79.385002;0.057000;,
   6.779800;80.753197;-0.893100;,
   7.711000;87.549896;2.726500;,
   -0.003700;87.549896;2.726500;,
   12.707100;80.270103;6.357500;,
   6.409700;76.801498;4.717000;,
   11.771100;75.924103;3.871300;,
   15.676200;74.725601;4.717000;,
   16.090300;85.188904;-4.085700;,
   16.441601;86.927101;0.898900;,
   16.090300;85.220802;1.083400;,
   16.441601;86.892097;-4.770200;,
   16.441601;86.892097;-4.770200;,
   10.861800;87.583603;-0.311300;,
   16.441601;86.927101;0.898900;,
   12.135700;87.548599;-5.471100;,
   11.002800;85.819397;-0.020100;,
   16.090300;85.188904;-4.085700;,
   16.090300;85.220802;1.083400;,
   12.164300;85.787498;-4.724700;,
   12.164300;85.787498;-4.724700;,
   10.861800;87.583603;-0.311300;,
   12.135700;87.548599;-5.471100;,
   11.002800;85.819397;-0.020100;,
   5.262000;81.711197;-6.840400;,
   8.416099;83.753601;-9.425500;,
   8.416099;83.753601;-6.873100;,
   5.017900;81.711197;-9.392800;,
   0.836200;80.879204;-6.807800;,
   0.836200;80.879204;-9.360200;,
   -3.345500;81.711197;-9.392800;,
   -3.589600;81.711197;-6.840400;,
   -7.517000;83.753601;-9.425500;,
   -7.154500;83.753601;-6.521900;,
   7.731000;85.206100;4.357500;,
   9.148000;86.961998;-2.803700;,
   7.589400;87.163101;-2.941400;,
   4.356500;85.388298;4.500900;,
   -0.003700;44.072701;0.542500;,
   -1.373600;38.032600;2.057700;,
   -0.003700;38.126999;1.310000;,
   -2.246600;44.072701;0.872100;,
   -9.159000;38.357899;4.045600;,
   -8.473600;44.679001;2.110400;,
   -16.448700;39.827702;1.055100;,
   -16.527901;37.211300;1.504000;,
   -18.586500;40.695202;-7.916900;,
   -14.700699;45.285301;-0.337700;,
   -17.764900;45.285301;-8.020001;,
   -15.581200;40.365898;-15.747800;,
   -14.700699;45.285301;-15.711701;,
   -8.825800;39.959599;-18.617901;,
   -8.473600;44.679001;-18.582800;,
   -3.264300;39.999699;-19.214100;,
   -2.613100;44.072701;-19.182400;,
   -0.003700;40.008900;-19.231701;,
   -0.003700;44.072701;-19.198999;,
   2.605800;44.072701;-19.182400;,
   3.257000;39.999699;-19.214100;,
